(title "Static Temperature")
(labels "Position" "Static Temperature")

((xy/key/label "plane-26")
0.18	340.063
0.19	340.059
0.19	340.058
0.18	340.059
0.18	340.063
0.19	340.058
0.18	340.058
0.19	340.056
0.17	340.065
0.17	340.068
0.17	340.068
0.17	340.064
0.16	340.072
0.16	340.073
0.16	340.073
0.16	340.07
0.15	340.075
0.15	340.077
0.15	340.078
0.15	340.076
0.14	340.08
0.14	340.082
0.14	340.083
0.14	340.083
0.13	340.086
0.13	340.088
0.13	340.087
0.13	340.087
0.12	340.091
0.12	340.092
0.12	340.091
0.12	340.09
0.11	340.093
0.11	340.094
0.11	340.094
0.11	340.092
0.1	340.094
0.1	340.096
0.1	340.095
0.1	340.093
0.09	340.095
0.09	340.096
0.09	340.095
0.09	340.093
0.08	340.092
0.08	340.094
0.08	340.093
0.08	340.092
0.07	340.089
0.07	340.091
0.07	340.091
0.07	340.09
0.06	340.086
0.06	340.087
0.06	340.087
0.06	340.087
0.05	340.081
0.05	340.082
0.05	340.082
0.05	340.082
0.04	340.076
0.04	340.077
0.04	340.078
0.04	340.076
0.03	340.071
0.03	340.073
0.03	340.073
0.03	340.069
0.02	340.066
0.02	340.068
0.02	340.068
0.02	340.064
0.01	340.06
0.01	340.063
0.01	340.063
0.01	340.059
7.49401e-16	340.056
5.05794e-16	340.057
2.52897e-16	340.057
0	340.057
0.046	340.011
0.046	340.018
0.049	340.017
0.049	340.012
0.049	340.033
0.046	340.035
0.046	340.079
0.049	340.081
0.141	340.009
0.141	340.017
0.144	340.016
0.144	340.01
0.144	340.032
0.141	340.033
0.141	340.079
0.144	340.078
0.0529754	300.463
0.054785	300.016
0.059573	300.187
0.0530963	300.556
0.0627437	300.047
0.0680794	300.109
0.0526321	300.57
0.0536462	301.337
0.0526468	300.621
0.0695724	300.076
0.061216	300.828
0.0696934	300.172
0.0590036	304.264
0.357147	300
0.362361	300
0.35957	300
0.352938	300
0.354363	300
0.355983	300
0.354298	300
0.355695	300
0.35279	300
0.356129	300
0.347935	300
0.347314	300
0.341114	300
0.343725	300
0.348091	300
0.361871	300
0.363183	300
0.363246	300
0.340618	300
0.0475	340.069
0.0507759	316.877
0.0507212	332.232
0.0580556	340.074
0.355597	300
0.352496	300
0.355079	300
0.351602	300
0.204185	300.066
0.204696	300.055
0.211768	300.007
0.210046	300.039
0.202413	300.071
0.205419	300.858
0.202308	300.167
0.200667	301.369
0.204533	300.595
0.20753	300.337
0.205786	300.586
0.211223	300.232
0.213754	300.019
-0.0992882	300
-0.0996423	300
-0.10641	300
-0.104705	300
-0.0941296	300
-0.101897	300
0.23036	300
0.240849	300
0.23425	300
0.229118	300
0.234191	300
0.245105	300
0.232254	300
0.224027	300.002
0.225311	300.001
-0.0506088	300
-0.0605868	300
-0.0510301	300
-0.0452667	300
-0.062452	300
-0.0608303	300
-0.0646401	300
-0.0663657	300
-0.0696177	300
-0.0550783	300
-0.063705	300
-0.0620189	300
-0.0633514	300
-0.0770223	300
-0.0725779	300
-0.0660633	300
-0.0639201	300
-0.0633172	300
-0.0666945	300
-0.0669161	300
-0.0796233	300
-0.0803665	300
-0.0812894	300
-0.0792845	300
-0.0446738	300
-0.0359922	300
-0.0436862	300
-0.0444709	300
-0.0360406	300
-0.0482149	300
-0.0335942	300
-0.0345238	300
-0.0359632	300
-0.036885	300
-0.028798	300
-0.0404868	300
-0.0203087	300
-0.0338643	300
-0.0265045	300
-0.0220757	300
-0.0316859	300
-0.0367677	300
0.331832	300
0.321919	300
0.323601	300
0.310227	300
0.327139	300
0.315675	300
0.313829	300
0.310481	300
0.314047	300
0.318908	300
0.0708129	300.072
0.0700849	300.079
0.0693088	300.069
0.247789	300
0.243532	300
0.240536	300
0.240851	300
0.253526	300
0.250354	300
0.257786	300
0.251509	300
0.244979	300
0.260412	300
0.255978	300
0.2585	300
0.358601	300
0.359668	300
0.357399	300
0.356345	300
0.359394	300
0.348756	300
0.340619	300
0.339411	300
0.35352	300
0.34882	300
0.352259	300
0.340488	300
0.348265	300
0.348142	300
0.356654	300
0.354642	300
0.35244	300
0.361589	300
0.363056	300
0.359646	300
0.363251	300
-0.115821	300
-0.121561	300
-0.121866	300
-0.121014	300
-0.114998	300
-0.121511	300
-0.121573	300
-0.115679	300
0.351794	300
0.349771	300
0.352886	300
0.336639	300
0.337365	300
0.340887	300
0.348774	300
0.341165	300
0.350535	300
0.341867	300
0.1258	300.002
0.12527	300.073
0.120049	300.004
0.123545	300.119
0.114651	300.27
0.116792	300.046
0.132097	300.002
0.119387	301.508
0.12578	300.6
0.121545	302.071
0.129985	302.215
0.13441	300.02
0.127205	300.103
0.132677	300.089
0.130746	301.765
-0.0745863	300
-0.0751739	300
-0.0822928	300
-0.0814038	300
-0.0873314	300
-0.088599	300
-0.0677132	300
-0.0777097	300
-0.082469	300
-0.0686609	300
0.122415	304.641
0.119362	306.958
0.117166	308.232
0.126806	302.384
0.119696	306.785
0.122271	304.802
0.126524	302.615
0.129099	301.909
0.13302	300.999
0.205497	300
0.207158	300
0.208732	300
0.200008	300
0.203851	300
0.197936	300
0.214006	300
0.207899	300
0.210888	300
0.205505	300
0.200359	300
0.217854	300
0.213127	300
0.203155	300
0.212165	300
-0.081155	300
-0.0888505	300
-0.0855717	300
-0.0865732	300
-0.0811574	300
-0.0865839	300
-0.0904597	300
-0.0911994	300
-0.0967721	300
-0.090821	300
-0.0965337	300
-0.0899654	300
-0.0914647	300
-0.0912051	300
-0.0931876	300
-0.0930015	300
-0.100792	300
-0.0142977	300.235
-0.0253556	300.064
-0.0144116	300.238
-0.026067	300.078
-0.0177393	300.285
-0.0133629	300.311
-0.0167268	300.354
-0.0179814	300.293
0.091591	317.684
0.0846716	314.926
0.0901553	317.438
0.0882033	315.86
0.081371	313.435
0.0833871	314.469
0.0927545	317.504
0.0930206	317.873
0.0931351	317.903
0.0983296	317.922
0.0931534	317.906
0.0932957	317.886
0.0946885	317.919
-0.0262968	300
-0.029069	300
-0.0341167	300
-0.0333351	300
-0.0272203	300
-0.0296131	300
0.280842	300
0.291941	300
0.287385	300
0.280089	300
0.290516	300
0.262928	300
0.276968	300
0.277368	300
0.265813	300
0.273371	300
0.283693	300
0.267409	300
0.279245	300
0.274976	300
0.135368	300.194
0.136337	300.28
0.140048	300.139
0.130338	300.821
0.137141	300.156
0.319143	300
0.315684	300
0.31634	300
0.321387	300
0.326507	300
0.315249	300
0.320812	300
0.304099	300
0.318215	300
0.304621	300
0.305905	300
0.310088	300
0.3063	300
0.335166	300
0.338446	300
0.320994	300
0.324591	300
-0.0931512	300
-0.0852901	300
-0.087398	300
-0.0932582	300
-0.0787437	300
-0.0818865	300
-0.0787386	300
-0.101413	300
-0.0991288	300
-0.0948799	300
-0.0850394	300
-0.0923327	300
-0.0879168	300
-0.0937207	300
-0.103562	300
-0.107609	300
-0.107184	300
0.279024	300
0.283863	300
0.28195	300
0.281113	300
0.273133	300
0.280033	300
0.281262	300
0.281889	300
0.280584	300
-0.0344131	300
-0.0360673	300
-0.0371738	300
-0.0342634	300
-0.0334988	300.002
-0.0340072	300
0.0508736	300.473
0.0616374	301.612
0.0588415	301.267
0.0620798	301.809
0.0639792	302.519
0.0652697	302.764
0.350392	300
0.340268	300
0.344026	300
0.330214	300
0.35232	300
0.351896	300
0.347616	300
0.35523	300
0.360246	300
0.358735	300
0.363379	300
0.36198	300
0.362122	300
-0.155434	300
-0.163051	300
-0.162906	300
-0.159992	300
-0.172239	300
0.0844531	314.954
0.0804912	311.876
0.0880771	316.278
0.079536	311.089
0.0781859	310.065
0.0821259	312.442
0.0854158	314.453
0.0775526	309.783
0.0721176	305.976
0.0847578	313.777
0.0708671	306.436
0.0771255	309.562
0.0665548	303.63
0.0686128	304.811
0.0671559	304.017
0.0747901	308.36
0.06633	303.45
0.0877305	316.158
0.285213	300
0.288442	300
0.292023	300
0.290095	300
0.29364	300
0.291878	300
0.292069	300
-0.074154	300
-0.0677329	300
-0.0611382	300
-0.0610531	300
-0.0718297	300
-0.0663152	300
-0.0575668	300
-0.0542828	300
-0.0567496	300
-0.0543241	300
-0.0557024	300
-0.151058	300
-0.150572	300
-0.154339	300
-0.161624	300
-0.156401	300
0.203031	300.001
0.202155	300.064
0.195423	300.002
0.19772	300
0.194249	300.001
0.192638	300
0.19422	300.191
0.197845	300.347
0.202136	300
0.194952	300.002
0.190799	300.001
0.192285	300.703
0.190047	300.457
0.193895	300
0.19509	300
0.199263	300
0.193882	300
0.19397	300
0.189607	300
0.208534	300
0.215461	300
0.215312	300
0.203532	300
0.198675	300
0.209698	300
-0.173705	300
-0.176571	300
-0.16985	300
-0.166447	300
-0.176343	300
-0.165413	300
-0.172128	300
-0.181936	300
-0.178951	300
-0.179569	300
-0.187609	300
-0.19	300
-0.182822	300
-0.187924	300
-0.181456	300
-0.182061	300
-0.18285	300
0.336353	300
0.333433	300
0.331429	300
0.336353	300
0.33857	300
-0.0684511	300
-0.0714285	300
-0.0761111	300
-0.0735832	300
-0.0786046	300
-0.0839497	300
-0.0773015	300
-0.0860808	300
-0.0775018	300
-0.0877175	300
-0.0834063	300
0.16035	300.032
0.166105	300.042
0.156769	300.131
0.153013	300.058
0.16083	300.624
0.152414	300.619
0.199717	306.055
0.197529	307.301
0.198621	306.415
0.212189	300.186
0.208554	300.434
0.215113	300.017
0.213565	300.054
0.197444	307.355
0.197585	306.918
0.213725	300
0.21529	300
0.210778	300
0.206968	300
0.213549	300
0.207898	300
0.211718	300
0.201786	300
0.201763	300
0.201773	300
0.202173	300
0.201751	300
-0.171484	300
-0.176907	300
-0.170109	300
-0.170758	300
-0.16043	300
0.099055	300
0.0992406	300
0.0974557	300
0.100145	300
0.0918523	300
0.0953621	300
0.0928519	300
0.100243	300
-0.115926	300
-0.108819	300
-0.112988	300
-0.104991	300
-0.107119	300
-0.115991	300
-0.116076	300
-0.116021	300
-0.116042	300
-0.106675	300
-0.115881	300
0.0645017	300
0.0627014	300
0.0603372	300
0.0582336	300
0.0564515	300
0.0589014	300
0.0600259	300
0.0715928	300
0.0712861	300
0.06777	300
0.0630415	300
0.0692299	300
0.0696286	300
0.071281	300
-0.182066	300
-0.180802	300
-0.174559	300
-0.177252	300
-0.172004	300
-0.169393	300
-0.16937	300
-0.182429	300
-0.182817	300
-0.170472	300
-0.169423	300
-0.169373	300
-0.169368	300
0.0500454	300.166
0.0503307	300.188
0.0479794	300.08
0.0411195	300.01
0.047622	300.186
0.0425362	300.021
0.0485173	300.116
0.0394975	300.007
0.044874	300.058
0.0577983	304.417
0.0580252	305.736
0.0520162	312.268
0.051495	311.088
0.059064	337.863
0.0670285	313.02
0.0668725	313.387
0.0523871	302.51
0.109486	313.981
0.108161	314.643
0.112154	312.129
0.101533	317.153
0.105066	316.398
0.0993945	317.934
0.099085	317.989
0.112682	310.881
0.112443	311.231
0.109545	313.17
0.110221	312.133
0.0977135	317.982
0.101272	317.54
0.0995371	318.026
0.0978203	318.009
0.258177	300
0.256527	300
0.256232	300
0.258805	300
0.260432	300
0.26014	300
0.261141	300
0.255408	300
0.253973	300
0.258947	300
0.263512	300
0.252069	300
0.259172	300
0.248769	300
0.210836	300
0.21535	300
0.213531	300
0.205297	300
0.20311	300
0.167774	300
0.167005	300
0.16982	300
0.172747	300
0.166856	300
0.0999841	310.756
0.100812	314.044
0.0996839	315.442
0.0990189	314.146
0.106875	340.083
0.106451	338.098
0.107205	337.427
0.0983069	318.828
0.105556	340.084
0.0245034	317.558
0.0182499	308.938
0.0174938	309.258
0.0230322	317.495
0.025524	316.188
0.0196276	308.858
0.0258361	318.552
0.0177299	308.165
-0.157686	300
-0.153942	300
-0.154419	300
-0.159221	300
-0.162793	300
-0.162334	300
-0.16097	300
-0.156157	300
-0.16283	300
0.102682	300
0.101012	300
-0.19	300
-0.19	300
0.141	340.067
-0.19	300
-0.19	300
-0.188867	300
-0.175911	300
-0.172788	300
-0.17844	300
-0.180314	300
-0.182026	300
-0.183371	300
-0.19	300
-0.180081	300
0.0824473	335.238
0.0803784	340.089
0.0873266	340.091
0.375892	300
0.38	300
0.38	300
0.372331	300
0.372123	300
0.046	340.057
0.0315039	338.975
0.0311724	340.061
0.046	340.034
0.0407723	331.574
0.103789	340.091
0.109282	340.089
0.10775	336.284
0.352809	300
0.35075	300
0.353603	300
0.0572697	339.229
0.049	340.065
0.0591772	340.081
0.0513797	339.094
0.049	340.038
0.136021	337.303
0.141	340.037
0.141	340.027
0.377828	300
0.38	300
0.38	300
7.49401e-16	340.037
0.0145156	338.441
0.00956325	321.339
0.0148276	340.05
0.38	300
0.374133	300
0.38	300
0.38	300
0.372783	300
0.133497	338.556
0.131445	340.085
0.137666	338.7
0.371219	300
0.371151	300
-0.18394	300
-0.19	300
-0.19	300
-0.181757	300
-0.181573	300
0.144	340.055
0.374043	300
0.372386	300
0.38	300
0.368125	300
0.372392	300
0.372949	300
0.373437	300
0.0376435	326.888
0.153951	333.788
0.1555	340.064
0.151792	324.556
0.149092	330.168
0.144	340.033
0.216994	300
0.213125	300
0.21006	300
0.214897	300
0.221176	300
0.0340328	300
0.0421694	300
0.039068	300
0.0461504	300
0.0393984	300
-0.19	300
-0.19	300
-0.184481	300
0.2019	300
0.141	340.002
0.144	339.998
0.140178	300.246
0.14184	300.18
0.136993	300.895
0.130625	340.074
0.129545	340.075
0.130232	337.484
0.0978847	300
0.104709	300
0.095029	300
0.10591	300
0.00369709	300
0.00173815	300
0.00394315	300
0.00480119	300
-0.0388669	300
-0.0379405	300
-0.0348589	300
-0.0458799	300
-0.0807143	300
-0.0830276	300
-0.0861464	300
-0.00427521	321.73
0	340.036
2.28566e-16	340.042
-0.0568599	300
-0.0510384	300
-0.0546736	300
-0.0480565	300
-0.0542088	300
-0.0631768	300
-0.055951	300
0.156513	300
0.158613	300
0.155303	300
0.152574	300
0.150798	300
0.146643	300
0.138011	300
0.140161	300
0.138435	300
0.132071	300
0.143811	300
0.141348	300
0.153549	300
0.15818	340.059
0.16351	318.632
0.165543	340.055
0.176018	300
0.174318	300
0.182104	300
0.17348	300
0.170452	300
0.163578	300
0.167909	300
0.16437	300
0.160309	300
0.165828	300
0.169212	300
-0.066875	300
-0.0680232	300
-0.0655972	300
-0.0723067	300
-0.0763236	300
-0.0663995	300
-0.0549271	300
-0.0415152	300
-0.040991	300
-0.0394718	300
-0.0452569	300
-0.0525515	300
-0.0412712	300
-0.0437694	300
-0.0545049	300
-0.00781188	306.774
-0.0812279	300
-0.0783203	300
-0.0741526	300
-0.103047	300
-0.0916822	300
-0.0916569	300
-0.0921687	300
-0.097309	300
-0.0900273	300
0.0179953	300
0.0143889	300
0.0142981	300
0.0117332	300
-0.0490991	300
-0.0488268	300
-0.0503578	300
-0.0480568	300
-0.0192455	300
-0.0188493	300
-0.0202207	300
-0.0475723	300
-0.0380658	300
-0.050054	300
-0.0441144	300
-0.0270103	300
-0.02516	300
-0.0290123	300
-0.0295951	300
-0.0214314	300
-0.0314421	300
-0.0313305	300
-0.0038432	300
-0.00550124	300
-0.00658162	300
-0.00839329	300
-0.0115622	300
0.016589	300
0.0104313	300
0.0112932	300
0.00865813	300
0.0101188	300
0.0304995	300
0.0254833	300
0.0240556	300
-0.0285909	300
-0.0306675	300
-0.0273543	300
-0.0225542	300
-0.0266488	300
0.0128929	340.051
0.0138285	328.707
0.0166548	340.053
0.011398	340.05
0.00913765	321.43
0.00169172	300
-0.00251436	300
-0.00502918	300
0.131944	340.074
0.13898	329.366
0.1425	340.066
0.144936	317.356
0.139578	300
0.0902528	324.455
0.095	340.083
0.0844445	340.083
0.14359	311.07
0.135216	314.563
0.130468	314.576
0.131136	337.401
0.123175	314.815
0.11875	340.079
0.121364	320.934
0.119781	314.422
0.156131	300.007
0.160147	300.002
0.161718	300.002
0.152152	300.019
0.130549	301.667
0.127938	302.522
0.119491	306.893
0.38	300
0.38	300
0.373147	300
0.38	300
0.374212	300
0.374045	300
0.38	300
0.37209	300
0.371803	300
0.29113	300
0.2906	300
0.289923	300
0.38	300
0.373016	300
0.38	300
0.38	300
0.38	300
0.373149	300
0.19	340.044
0.194256	321.387
0.19	340.039
0.38	300
0.377267	300
0.371813	300
0.303564	300
0.301408	300
0.29913	300
0.275395	300
0.277895	300
0.276278	300
0.28387	300
0.280077	300
0.371673	300
0.38	300
0.375641	300
0.38	300
0.38	300
0.3757	300
0.373799	300
0.196807	311.284
0.19	340.043
0.19675	311.523
0.19761	308.14
0.19	340.042
0.145764	310.601
0.164516	300
0.178754	300
0.181373	300
0.182437	300
0.185849	300
0.18987	300
0.191497	300
0.172995	300
0.163611	300.002
0.170721	300
0.252154	300
0.25169	300
0.198816	300
0.20061	300
0.0577765	301.286
0.0627005	302.716
0.0647308	303.552
0.0549281	300.872
0.060127	301.66
0.0602978	301.713
0.10175	317.137
0.0993068	317.946
0.0651456	303.679
0.0656728	303.983
0.0426354	300.062
0.0400316	300.043
0.0412882	300.04
0.0329374	300.003
0.0368568	300.009
0.0391827	300.012
0.049	340.004
0.046	340.004
0.00664094	300
0.00854827	300
0.0130786	300
0.0739185	300
0.0735329	300
0.0726117	300
0.079542	300
0.079195	300
0.0793658	300
0.0828529	300
0.0797482	300
0.0755144	300
-0.185549	300
-0.19	300
-0.19	300
-0.19	300
-0.183722	300
-0.19	300
-0.188226	300
-0.19	300
-0.19	300
-0.187477	300
-0.19	300
-0.19	300
-0.19	300
-0.19	300
-0.186672	300
-0.19	300
-0.182048	300
-0.182639	300
-0.0852262	300
-0.0788627	300
-0.0762295	300
-0.0814323	300
-0.0702028	300
-0.19	300
-0.189566	300
-0.19	300
-0.19	300
-0.19	300
-0.185322	300
0.035625	340.062
0.0318204	340.06
0.0347016	330.369
0.0483219	312.542
0.0507759	311.921
0.0376967	329.001
0.0388636	340.064
0.0423289	320.507
0.083125	340.083
0.0820454	340.083
0.0827419	337.542
0.03933	300
0.0547848	300
0.0546567	300
0.054535	300
0.0554502	300
0.0549706	300
0.0642225	300
0.0602078	300
0.00843007	308.792
0.0158715	309.26
0.0328099	300
0.0323127	300
0.0277677	300
0.0355508	310.71
0.0404647	313.46
0.237196	300
0.233605	300
0.230092	300
0.207012	300
0.203237	300
0.251516	300
0.248195	300
0.247253	300
0.240846	300
0.263245	300
0.262622	300
0.25712	300
0.255426	300
0.253963	300
0.24922	300
0.265064	300
0.179941	331.429
0.19	340.035
0.178602	340.049
0.213763	300
0.161757	318.913
0.159333	340.061
0.167	340.057
0.162514	319.401
0.162153	319.129
0.358286	300
0.356342	300
0.357155	300
0.363951	300
-0.19	300
-0.187312	300
-0.19	300
-0.181753	300
-0.181793	300
-0.188783	300
-0.17118	300
-0.164121	300
-0.167125	300
-0.173593	300
-0.173687	300
-0.176132	300
-0.175526	300
-0.175262	300
-0.180764	300
0.372268	300
0.361851	300
0.368221	300
0.371217	300
0.378862	300
0.38	300
0.38	300
0.37956	300
0.38	300
0.0350139	324.076
0.377543	300
0.38	300
0.38	300
0.180395	327.041
0.1785	340.05
0.182576	312.848
0.0152238	340.05
0.0150055	339.541
0.0113611	314.995
0.0173565	316.049
0.00699386	313.487
0.38	300
0.377945	300
0.372879	300
0.38	300
0.375318	300
0.375651	300
0.372909	300
0.38	300
0.372998	300
0.38	300
0.1329	335.121
0.130948	334.635
0.0547223	337.937
0.049	340.028
0.38	300
0.37933	300
0.38	300
0.38	300
0.36243	300
0.362222	300
0.367895	300
0.357782	300
0.364256	300
0.357888	300
0.347315	300
0.345187	300
0.342089	300
0.34541	300
0.1205	340.087
0.120304	339.75
0.120149	340.087
0.111796	337.436
0.0984463	337.032
0.095	340.092
0.0999836	340.092
0.100755	332.315
0.0953155	334.896
0.0906604	340.092
-0.154369	300
0.0423282	330.925
0.046	340.024
0.046	340.012
0.0410696	327.818
0.0375283	323.618
0.0386157	321.361
0.371278	300
0.372155	300
0.371156	300
0.375313	300
0.0801172	334.669
0.082264	334.654
0.0759649	335.547
0.0748695	334.363
0.0721604	337.564
0.0713766	340.087
0.0695489	340.087
-0.180759	300
-0.186976	300
-0.19	300
0.144	340.011
0.149207	324.365
-0.189472	300
-0.19	300
-0.182764	300
-0.169002	300
-0.165734	300
-0.168728	300
-0.172657	300
-0.164028	300
0.162296	318.599
-0.12903	300
-0.134101	300
-0.136809	300
-0.186485	300
-0.19	300
-0.19	300
-0.19	300
-0.185405	300
-0.19	300
-0.19	300
-0.184311	300
-0.19	300
-0.19	300
-0.185795	300
-0.182458	300
0.38	300
0.38	300
0.372765	300
-0.143894	300
-0.136064	300
-0.137628	300
-0.131434	300
-0.111648	300
-0.111615	300
-0.110816	300
-0.112178	300
0.0686869	339.177
0.05779	338.087
0.0595552	336.822
0.0569711	337.255
0.0685166	334.922
0.0664493	340.085
-0.126391	300
-0.126121	300
-0.116897	300
-0.127007	300
-0.144817	300
-0.136181	300
-0.14575	300
-0.0948391	300
-0.092149	300
-0.131425	300
-0.131431	300
-0.13143	300
-0.13567	300
-0.142383	300
0.373481	300
0.373259	300
0.38	300
0.376654	300
0.38	300
0.37298	300
0.38	300
0.372985	300
0.372999	300
-0.182339	300
-0.186589	300
-0.182939	300
-0.182194	300
-0.185058	300
-0.19	300
-0.189561	300
-0.19	300
-0.183067	300
-0.18219	300
-0.186906	300
-0.19	300
-0.19	300
-0.184184	300
-0.181736	300
-0.181903	300
-0.187455	300
-0.19	300
-0.19	300
0.334588	300
0.335631	300
0.337975	300
-0.154508	300
-0.158275	300
-0.15513	300
-0.148474	300
0.162516	318.491
0.148537	327.415
0.144	340.022
0.149445	324.9
0.150976	321.52
0.151891	316.314
0.151009	320.267
0.0653826	335.716
0.060585	338.572
0.0830348	334.741
0.0895187	339.155
0.0939458	333.592
0.309582	300
0.309527	300
0.309479	300
0.309383	300
0.293115	300
0.288117	300
0.292398	300
0.29435	300
0.298006	300
0.301832	300
0.304381	300
0.295352	300
0.371079	300
0.0383681	319.623
0.0428364	330.883
0.0379707	316.433
0.12599	333.393
0.13118	335.389
0.129184	337.419
0.120778	339.787
0.120935	340.087
0.316782	300
0.321902	300
0.321329	300
0.329279	300
0.376572	300
0.38	300
0.372627	300
0.375528	300
0.38	300
0.38	300
0.38	300
0.356528	300
0.348632	300
0.354173	300
0.345311	300
0.0310387	339.672
0.0307762	340.061
0.38	300
0.374737	300
0.373924	300
0.38	300
0.372807	300
0.38	300
0.38	300
0.378894	300
0.38	300
0.37323	300
0.376038	300
0.38	300
0.373727	300
0.372355	300
0.355432	300
0.351568	300
0.174858	315.489
0.173659	317.92
0.173132	316.127
0.172619	318.697
0.174667	340.052
0.185878	300
0.19252	300
0.191825	300
0.194908	300
0.269025	300
0.266705	300
0.271361	300
0.273401	300
0.223168	300
0.22461	300
0.22704	300
0.225087	300
0.228672	300
0.233582	300
0.224963	300
0.0323757	310.371
0.0390087	300
0.0332844	300
0.00713346	309.117
0.0499398	300
0.0583084	300
0.0488055	300
0.07125	340.079
0.0743058	320.914
0.0755978	316.729
0.0671641	313.354
0.0681706	313.892
0.0672745	314.111
0.0604545	340.075
0.059375	340.074
0.0670483	313.769
-0.18314	300
-0.186725	300
-0.19	300
-0.18366	300
-0.182454	300
-0.183717	300
-0.19	300
-0.19	300
-0.19	300
-0.19	300
-0.182338	300
-0.188944	300
-0.19	300
-0.185688	300
-0.19	300
-0.182497	300
-0.183302	300
-0.183298	300
-0.19	300
-0.184023	300
-0.184339	300
-0.183336	300
-0.100683	300
-0.0999914	300
-0.0987393	300
-0.103828	300
-0.105281	300
-0.105421	300
-0.112595	300
-0.183135	300
-0.182835	300
-0.183617	300
-0.19	300
-0.182848	300
-0.187933	300
-0.19	300
-0.182367	300
-0.19	300
-0.183859	300
-0.19	300
-0.182591	300
-0.19	300
-0.183696	300
-0.182496	300
0.0912003	300
0.0904581	300
0.0877973	300
0.0804642	300
-0.00603569	300
-0.00566183	300
-0.00622853	300
-0.00664854	300
-0.0160031	300
-0.014844	300
-0.0179173	300
-0.0147104	300
-0.0144977	300
-0.0124717	300
-0.0106474	300
0.047715	319.235
0.0446912	300.126
0.0500863	300.485
0.0590881	301.503
0.0674613	304.771
0.0698627	305.846
0.0704092	306.118
0.071063	306.523
0.0730335	307.95
0.0746228	309.054
0.106415	315.428
0.109387	314.06
0.107368	314.657
0.111545	312.662
0.118564	307.519
0.119208	307.071
0.111282	312.464
0.099204	317.947
0.0802845	312.637
0.0770536	310.625
0.0756356	309.647
0.0815569	313.509
0.0440122	300.094
0.0496837	300.233
0.0528563	300.583
0.0536765	300.657
0.274522	300
0.270432	300
0.273024	300
0.27722	300
0.28203	300
0.292333	300
0.284804	300
0.28639	300
0.220427	300
0.216103	300
0.238249	300
0.242433	300
0.242705	300
0.244879	300
0.250624	300
0.241081	300
0.234019	300
0.232016	300
0.196675	310.73
0.197081	308.947
0.373334	300
0.38	300
0.373809	300
0.37383	300
0.372476	300
0.372533	300
0.26967	300
0.261272	300
0.293882	300
0.296325	300
0.293112	300
0.296631	300
0.295978	300
0.302683	300
0.305361	300
0.306975	300
0.375578	300
0.371134	300
0.371449	300
0.371145	300
0.377904	300
0.38	300
0.38	300
0.38	300
0.376073	300
0.38	300
0.3755	300
0.38	300
0.374404	300
0.371526	300
0.142374	319.337
0.162184	300.002
0.162465	300.002
0.0881609	316.474
0.0836414	338.18
0.085038	315.4
0.0976899	314.648
0.121476	300
0.120987	300
0.119345	300
0.124202	300
0.0894249	300
0.0850406	300
0.185143	307.268
-0.0189104	300
-0.0256267	300
-0.0214614	300
-0.0126918	300
-0.01577	300
-0.021214	300
-0.0144169	300
-0.014587	300
-0.0588663	300
-0.065323	300
-0.0599173	300
-0.0575419	300
-0.181968	300
-0.0686507	300
-0.00593952	315.168
3.47129e-16	340.042
4.85757e-16	340.042
-0.00605338	314.691
-0.0075864	307.784
-0.00743156	307.3
0.190923	300
0.187922	300
0.177912	300
0.183416	300
0.183189	300
0.183612	300
0.175845	328.438
0.171124	318.621
0.173144	310.367
0.165661	311.709
0.177107	340.049
0.173345	340.052
0.162914	312.162
0.177578	309.693
-0.02679	300
-0.0278206	300
0.273536	300
0.277893	300
0.261061	300
0.262014	300
0.0177658	300
0.021713	300
0.0220593	300
0.0231292	300
0.0263481	300.001
-0.0256593	300
-0.182859	300
-0.19	300
-0.18535	300
-0.18252	300
0.0791627	314.973
0.372527	300
0.372534	300
0.323768	300
0.320603	300
0.330538	300
0.331057	300
0.330744	300
0.309622	300
0.308853	300
0.31386	300
0.309767	300
0.322318	300
0.325142	300
0.331243	300
0.342726	300
0.34148	300
0.343928	300
-0.139716	300
-0.140481	300
-0.142264	300
-0.144901	300
-0.145624	300
-0.182216	300
-0.182095	300
-0.189848	300
0.372415	300
0.372376	300
-0.103139	300
-0.0996421	300
-0.0927395	300
-0.148238	300
-0.146081	300
-0.146869	300
-0.15087	300
0.329625	300
0.338437	300
0.333323	300
0.372553	300
0.372495	300
0.373364	300
0.372231	300
0.38	300
0.372409	300
0.371554	300
0.376486	300
0.154016	300
0.169236	307.184
-0.0836257	300
-0.091605	300
-0.0919743	300
-0.0918603	300
-0.0445776	300
-0.0424998	300
0.00967713	300
0.00500084	300
-0.021232	300
0.0116148	303.953
0.195527	300
0.201301	300
0.200025	300
0.137617	307.451
0.129291	300
0.129399	300
0.12735	300
0.120592	300
0.12839	300
0.107341	318.327
0.110763	312.212
0.108191	300
0.110929	300
0.107927	300
0.115172	300
0.111742	300
0.112674	300
0.115622	300
0.107955	340.083
0.114085	330.225
0.111914	323.256
0.117643	320.76
0.136891	300.353
0.132121	301.419
0.372065	300
0.373191	300
0.37022	300
0.366066	300
0.196171	306.254
0.194491	311.216
0.189882	307.997
0.197536	307.887
0.19757	308.149
0.151136	340.062
0.154167	332.574
0.154375	340.061
0.148243	313.378
0.154731	316.161
0.16062	313.775
0.178669	300
0.179955	300
0.191535	300
0.197372	300
0.194037	300
0.0335642	300.006
0.0295689	300.001
0.0309613	300.002
0.0273708	300.001
-0.181949	300
-0.177111	300
-0.182204	300
-0.0683907	300
-0.0765319	300
-0.0695398	300
-0.0648896	300
-0.0790245	300
-0.185151	300
-0.181618	300
0.0497538	309.718
0.0775306	300
0.0721062	300
0.0387657	300
0.0381314	300
0.0288424	300
0.0112641	300
0.0242281	300
0.0184255	300
0.0176929	300
0.0194948	300
0.0224873	300
0.0177827	300
0.238535	300
0.239007	300
0.246589	300
0.234051	300
0.241241	300
-0.175227	300
-0.181651	300
-0.187646	300
0.369452	300
0.367969	300
0.368336	300
0.360837	300
0.000289634	308.896
0.0162506	336.998
0.0301982	337.008
0.0243076	322.267
0.023	340.056
0.374822	300
0.371323	300
0.371096	300
0.38	300
0.337769	300
0.332566	300
0.332533	300
0.34221	300
0.336015	300
0.12079	330.716
0.116668	329.681
0.111482	329.683
0.106603	329.814
-0.165524	300
-0.162415	300
-0.177804	300
-0.178053	300
-0.173676	300
-0.168878	300
-0.124875	300
-0.121862	300
-0.124637	300
-0.127156	300
0.0582205	336.926
-0.156783	300
-0.161159	300
-0.162514	300
0.0564208	335.015
0.0566643	332.362
0.0533297	338.082
0.0569518	336.898
0.0566785	336.617
0.049	340.018
-0.141192	300
-0.181711	300
-0.14776	300
-0.143001	300
-0.146933	300
-0.151962	300
0.152751	318.921
0.153555	315.41
0.154542	319.735
0.300181	300
0.362564	300
0.367662	300
0.00876723	309.857
0.00492482	306.138
0.12392	331.409
0.120663	329.821
0.132374	333.686
0.132283	334.24
0.134328	335.412
0.132507	334.546
0.132576	330.891
0.129249	333.033
0.141	340.016
-0.166512	300
0.181835	310.511
0.371423	300
0.37079	300
0.376021	300
0.371762	300
0.371829	300
0.259091	300
0.224763	300
0.225106	300
0.0241635	311.341
0.0283436	310.227
0.0245734	325.745
0.0204679	310.234
0.0244574	340.056
-0.0799188	300
-0.0842908	300
-0.181547	300
-0.182243	300
-0.184945	300
-0.181227	300
-0.180739	300
-0.183403	300
-0.180144	300
-0.180337	300
-0.183247	300
-0.179317	300
-0.0607202	300
-0.0667831	300
-0.0675904	300
-0.182064	300
-0.182037	300
-0.19	300
-0.182505	300
0.0595823	300
0.00553484	300
0.00129626	300
0.00297816	300
0.000287023	300
0.000809684	300
0.00371625	300
0.0598608	301.578
0.244242	300
0.218717	300
0.22424	300
0.224817	300
0.229083	300
0.231131	300
0.227507	300
0.223117	300
0.188764	300
0.181272	300
0.183761	300
0.365254	300
0.36479	300
0.364768	300
0.373326	300
0.372004	300
0.372089	300
0.371997	300
0.372179	300
0.372005	300
0.372764	300
0.372571	300
0.373245	300
0.38	300
0.373506	300
0.372253	300
0.373647	300
0.371365	300
0.371416	300
0.373345	300
0.316319	300
0.312862	300
0.311712	300
0.312426	300
0.309245	300
0.308496	300
0.10721	315.285
0.156902	300.004
0.160219	300.003
0.152741	300.019
0.147871	300.037
0.146933	300.04
0.1453	300.079
0.144682	300.115
0.145631	300.068
-0.0383158	300
-0.0343307	300
-0.0314481	300
-0.0313672	300
-0.0276791	300
0.266442	300
0.270847	300
0.189159	300
-0.00866493	306.701
-0.00793647	307.344
-0.00595985	316.213
-0.0082178	306.702
0.281479	300
0.28448	300
0.285532	300
0.290454	300
0.28956	300
-0.184055	300
-0.182278	300
-0.182355	300
-0.182309	300
-0.184214	300
-0.19	300
0.321748	300
0.322758	300
0.320773	300
-0.17967	300
-0.188986	300
-0.181272	300
-0.179409	300
-0.177597	300
-0.179575	300
-0.172817	300
0.316074	300
-0.180374	300
-0.178348	300
0.288519	300
0.276286	300
-0.00537038	305.499
-0.00797108	305.246
-0.0121178	303.919
-0.0160836	300.583
0.179526	301.971
0.177391	301.412
0.174567	300.622
0.185538	300
0.190193	300
0.182935	300
0.194346	300
-0.016688	300.52
-0.01314	303.35
-0.0167301	300.525
-0.015107	301.611
-0.0527799	300
-0.0451423	300
-0.0323213	300
-0.0318273	300
-0.0314163	300
-0.016003	300
-0.00848611	300
-0.0115471	300
0.139671	300
0.129594	300
0.112	300
0.117474	300
0.11545	300
0.11129	300
0.156308	300.005
0.13853	300.274
0.144271	300.099
0.140519	300.179
0.142902	300.149
0.139608	300.206
0.114881	309.818
0.157538	300.003
0.081026	313.131
0.312945	300
0.310397	300
0.370819	300
0.366056	300
0.369461	300
0.371828	300
0.364695	300
0.364654	300
0.363054	300
0.366298	300
0.182685	300
0.189749	300
0.193561	300
0.223921	300
0.246976	300
0.293434	300
0.298454	300
0.240757	300
0.241074	300
0.234776	300
0.0615865	302.194
0.0700284	305.834
-0.0137157	300
-0.00790342	300
-0.0058333	300
0.0771285	305.106
0.0679871	312.406
-0.181016	300
-0.176242	300
-0.18129	300
-0.173985	300
0.0875841	300
0.0669456	300
0.0240472	304.134
0.233306	300
0.22924	300
0.243054	300
0.243669	300
0.243178	300
0.242612	300
0.238368	300
0.353767	300
0.356474	300
0.368534	300
0.173405	314.833
0.17603	306.53
0.18519	308.433
0.0359837	318.288
-0.163483	300
-0.161818	300
0.123109	330.125
0.0734586	333.78
0.0701576	333.714
0.0595131	335.411
0.0608507	333.263
0.0628825	334.792
0.0641896	335.013
0.070168	333.434
0.370646	300
0.119145	328.538
0.110431	327.999
0.114807	327.714
0.113104	326.946
0.0371416	310.742
0.0372346	310.297
0.0382181	311.246
0.364339	300
0.364536	300
0.363693	300
0.363475	300
0.360334	300
0.361018	300
0.0809256	332.708
0.0733839	333.049
0.0823746	334.572
0.15937	311.393
0.162261	318.227
0.149647	310.476
-0.141731	300
-0.172072	300
-0.163594	300
-0.180182	300
-0.140808	300
-0.135936	300
-0.1088	300
-0.106682	300
-0.108547	300
-0.128052	300
-0.119534	300
-0.144719	300
0.0877672	332.849
0.090432	333.13
0.0915476	332.672
-0.178257	300
-0.16878	300
-0.172843	300
-0.173483	300
0.337017	300
0.336812	300
0.337108	300
0.371003	300
0.369313	300
0.375397	300
0.369551	300
0.367727	300
0.370545	300
0.367556	300
0.364294	300
0.36543	300
0.365497	300
0.365433	300
0.372591	300
0.365486	300
0.365438	300
0.365478	300
0.354383	300
0.360085	300
0.357489	300
0.0232354	300
0.0155468	300
0.0119088	300
0.0390165	300
0.0299369	300
0.0418366	310.583
0.044205	301.592
0.0793575	300
0.0798581	300
0.0859766	300
0.0806036	300
-0.00683431	300
0.0209794	300
0.0273725	300.001
0.0219456	300
0.162741	300.002
0.169054	300
0.190936	300
0.201745	300
0.217865	300
0.163988	300
0.157305	300
0.165142	301.208
0.163435	310.491
0.159923	302.254
0.161471	310.464
0.147464	309.09
0.155275	305.618
0.201804	303.914
0.194405	304.895
0.1887	304.65
0.36926	300
0.368953	300
0.372406	300
0.373061	300
0.119851	306.482
0.135577	301.065
0.121113	309.315
0.13121	304.66
0.132192	302.103
0.126944	307.751
0.0939178	306.854
0.0903748	305.187
0.0873011	302.575
0.0910305	303.221
0.0918984	302.641
0.102039	303.105
0.10453	305.34
0.117174	305.113
0.119213	302.093
0.151483	300
0.14482	308.818
0.140335	301.751
0.00452717	306.765
-0.0024886	302.435
-0.0270965	300
-0.0268775	300
-0.0315197	300
-0.0437755	300
-0.0321955	300
-0.0926894	300
-0.0982375	300
-0.0733612	300
-0.078501	300
-0.0165182	300.523
-0.0462706	300
-0.0495612	300
-0.0480874	300
-0.00777957	302.947
-0.00849841	304.447
-0.00998282	302.577
-0.00932079	301.185
-0.0495384	300
-0.0422202	300
-0.0353833	300
-0.0395633	300
-0.0177617	300.476
-0.1726	300
-0.0686376	300
-0.065957	300
-0.0890905	300
-0.0976764	300
-0.0997629	300
-0.105188	300
-0.113228	300
-0.106747	300
0.0282452	300
0.00435346	300
-0.0224022	300
-0.0148796	300
0.00305652	301.684
0.00841108	300.468
0.00704111	307.56
0.137014	301.023
0.151211	301.784
0.147522	301.133
0.149935	300.906
0.078102	302.606
0.152298	300
0.147315	300
0.140549	300
0.10788	301.674
0.110369	304.005
0.115185	301.67
0.084182	300
0.0906786	302.643
0.125173	303.069
0.368053	300
0.368529	300
0.360942	300
0.364439	300
0.364708	300
0.204164	300.864
0.197259	303.905
0.205188	300.634
0.1862	303.877
0.208738	300.451
0.199788	306.768
0.20468	303.548
0.19011	302.366
0.193605	301.033
0.197465	302.769
0.225328	300
0.229571	300
0.179432	300
0.178486	300
0.170412	300
0.15835	300.006
0.163122	300.001
0.16679	300.001
0.0667489	303.964
0.0256408	300.001
0.0303105	300.001
0.0305953	300.001
0.00328347	300
-0.00337361	300
-0.0131529	300
-0.0138869	300
-0.0129861	300
0.109534	300
0.103848	300
0.0882159	300
-0.174091	300
-0.177669	300
-0.182733	300
0.0523589	300.624
0.0243388	300.971
0.0272162	300.997
0.0341634	305.554
0.0387856	309.135
0.0400191	301.261
0.0641905	301.67
0.0746467	302.179
0.0394803	300
0.0359118	300
0.0160706	300
0.340287	300
0.352269	300
0.350361	300
0.352608	300
0.357385	300
0.352755	300
0.346236	300
0.336991	300
0.337299	300
0.346144	300
0.329391	300
0.328439	300
0.101469	328.142
0.101749	328.074
0.10139	328.149
0.101247	328.294
0.101016	328.32
-0.140129	300
-0.142996	300
-0.154061	300
-0.153178	300
-0.152098	300
-0.152218	300
-0.152981	300
0.0306559	309.462
0.0318482	312.287
-0.00979285	303.17
0.143699	309.01
-0.138515	300
-0.139532	300
-0.132715	300
-0.171971	300
-0.175574	300
-0.129711	300
-0.129303	300
-0.130429	300
-0.135537	300
-0.134411	300
0.0765742	329.999
0.077138	329.753
0.0707165	332.694
0.0647289	333.357
-0.123743	300
-0.126877	300
-0.120398	300
-0.162636	300
-0.106733	300
-0.113185	300
-0.117568	300
-0.119388	300
-0.120683	300
-0.117987	300
-0.141282	300
-0.179004	300
-0.18113	300
-0.173662	300
-0.150614	300
-0.149883	300
-0.150653	300
-0.151962	300
0.15246	314.411
0.333233	300
0.335685	300
0.291236	300
0.294885	300
0.288453	300
0.363314	300
0.355216	300
0.363283	300
0.362045	300
0.37075	300
0.365832	300
0.359024	300
0.123032	327.35
0.122968	327.336
0.123208	327.479
0.12306	327.358
0.131634	333.792
0.0767771	329.701
0.0672605	330.577
0.0623702	330.171
0.0654335	327.714
0.0578554	320.799
0.0566035	321.185
0.0581735	321.514
0.0577915	323.342
0.0593251	322.425
0.165329	308.93
0.168837	309.955
0.170887	307.509
0.368895	300
0.363315	300
0.36301	300
0.369233	300
0.37273	300
0.372011	300
0.130047	325.558
0.13005	325.479
0.218895	300
0.221068	300
0.218986	300
0.224105	300
0.244021	300
0.256773	300
0.253045	300
0.254749	300
0.24298	300
-0.174072	300
-0.173774	300
-0.179061	300
-0.173932	300
-0.174105	300
-0.17981	300
-0.177705	300
-0.173556	300
-0.0727428	300
-0.0822097	300
-0.173527	300
-0.177157	300
-0.173111	300
-0.172839	300
0.0716684	306.651
0.0768608	309.999
0.0753222	309.008
0.121907	300
0.11994	300
0.12307	300
0.126306	300
0.136551	300
0.134886	300
0.136999	300
0.121951	300
0.250316	300
0.23821	300
0.369612	300
0.365368	300
0.365315	300
0.371119	300
0.37117	300
0.370759	300
0.364041	300
0.29447	300
0.291537	300
0.0907233	317.583
0.0945977	318.091
0.0872434	316.187
0.0828812	314.035
0.0884086	316.095
0.0847377	315.045
0.174895	300
0.166094	300.001
0.140053	300
0.266536	300
0.266619	300
0.266627	300
0.266498	300
0.266395	300
-0.0150741	300
-0.0222194	300
-0.0569028	300
-0.059727	300
-0.00252093	304.911
-0.0172298	300.41
0.178439	300.446
0.190625	300.64
0.0398548	300
0.0426715	300
0.0490289	300
0.0507525	300
0.0483312	300
0.0471419	300
-0.17343	300
-0.176147	300
-0.177198	300
-0.173886	300
-0.175857	300
-0.173886	300
0.316742	300
0.321624	300
-0.178125	300
-0.171039	300
0.321681	300
0.324751	300
0.322592	300
0.326816	300
0.328163	300
0.327342	300
0.327319	300
-0.178714	300
-0.17845	300
-0.172346	300
-0.169017	300
-0.167417	300
-0.166693	300
0.129942	325.454
0.123028	327.335
0.362992	300
0.358437	300
0.363446	300
0.368938	300
0.363531	300
0.368063	300
-0.173979	300
-0.171726	300
-0.0147242	300
0.0402807	300
0.290082	300
0.180623	300.326
0.186175	300.06
0.16551	300
0.17943	300
0.17206	300
0.176597	300
-0.0201251	300.292
-0.0965867	300
-0.089952	300
-0.0613523	300
-0.0660792	300
-0.0516599	300
-0.0549598	300
0.00690194	304.725
-0.000335724	302.263
0.00948473	306.447
-0.0107869	300.56
-0.0110447	301.624
0.251912	300
-0.06842	300
-0.0632224	300
-0.0132908	300
0.13676	300
0.115389	300
0.114184	300
0.136228	300
0.128122	300
0.12915	300
-0.172728	300
0.115734	309.12
0.182333	300
0.182862	300
0.183467	300
0.368793	300
0.364313	300
0.362873	300
0.312032	300
0.30777	300
0.303053	300
0.305842	300
0.299753	300
0.30141	300
0.361678	300
0.369215	300
0.35723	300
0.364905	300
0.370669	300
0.371974	300
0.365043	300
0.361757	300
0.370809	300
0.363808	300
0.363918	300
0.250928	300
0.230194	300
0.234955	300
0.131135	300
0.010178	300
0.0117564	300
0.0121274	300
0.0111105	300
0.00334503	300
0.013359	300
0.0610319	301.897
0.0659009	303.324
0.0367701	300.005
0.0391896	300.01
0.0398566	300.016
0.0346206	300.005
-0.00055065	300
-0.0035942	300
0.090215	302.331
-0.0769615	300
-0.0695685	300
-0.0790222	300
-0.173339	300
-0.176407	300
-0.174787	300
-0.173446	300
-0.173988	300
-0.168107	300
-0.172974	300
-0.16793	300
-0.165814	300
-0.172681	300
-0.16714	300
-0.165119	300
0.0739046	300
0.0722736	300
0.0750369	300
0.227369	300
0.227334	300
0.227378	300
0.227366	300
0.24976	300
0.244344	300
0.252137	300
0.140761	310.576
0.134493	315.632
0.13591	316.877
0.134427	317.039
0.0366358	310.042
0.0277117	306.523
0.0369045	310.077
0.362409	300
0.363969	300
0.369703	300
0.179945	302.851
0.174776	304.836
0.182479	304.224
0.175205	302.603
0.0688004	323.53
-0.169079	300
-0.171887	300
-0.175508	300
0.327416	300
0.0770262	329.705
0.316305	300
0.314747	300
0.301558	300
0.305915	300
0.306774	300
0.309259	300
0.101429	328.108
0.101281	328.177
0.050309	309.477
0.0476053	307.944
0.0485975	313.824
0.354574	300
0.285006	300
0.275145	300
0.272458	300
0.289344	300
0.342235	300
0.34572	300
0.340627	300
0.347879	300
0.160019	308.323
0.15458	313.202
0.159402	306.736
0.155555	308.898
0.149745	310.384
0.152945	311.156
-0.14354	300
-0.171404	300
-0.167738	300
-0.165175	300
-0.162957	300
-0.164494	300
-0.168413	300
0.365353	300
0.358261	300
0.36356	300
0.355137	300
-0.122183	300
-0.118641	300
-0.119239	300
-0.117738	300
-0.112972	300
-0.161873	300
-0.151472	300
-0.115642	300
-0.114231	300
-0.128377	300
0.0715811	333.086
0.0902759	332.307
0.0905597	330.492
0.0846971	331.625
0.0773626	329.712
-0.139811	300
-0.132792	300
-0.127948	300
-0.134188	300
-0.131462	300
-0.127277	300
0.143604	307.8
0.149729	310.338
0.144216	307.604
0.0278444	308.562
0.0295022	312.242
0.0330893	319.458
0.0243142	305.651
0.0156382	307.653
0.0262594	310.479
0.0174967	307.525
-0.156749	300
-0.162998	300
-0.163984	300
-0.178959	300
-0.177284	300
-0.173883	300
-0.167833	300
-0.173638	300
-0.184739	300
-0.144262	300
-0.146617	300
-0.141809	300
-0.143915	300
0.096699	333.425
0.0930782	333.04
0.317932	300
0.321088	300
0.325763	300
-0.174407	300
0.233984	300
0.233805	300
0.238405	300
0.239273	300
0.038642	300
0.0163428	300
0.0103922	300
0.0119788	300
0.0297611	300
0.0337274	300
0.0762722	302.533
0.0704336	300.336
0.0749327	315.514
0.0435582	300.653
0.0520039	300.549
-0.0172708	300.508
-0.0257286	300.033
-0.0255402	300.029
-0.174867	300
-0.171951	300
-0.171033	300
-0.178832	300
-0.176441	300
0.0949458	300
0.0978389	300
0.0880782	300
0.0283194	300.001
0.0531799	300.363
0.0556643	300.607
0.0659073	303.293
0.147674	300.037
0.152161	300.01
0.194643	300
0.201652	300
0.19587	300
0.196747	300
0.205912	300
0.167861	300.181
0.172114	300.212
0.168427	300.025
0.201158	301.041
0.210663	300.32
0.190943	303.06
0.196652	300.897
0.195272	303.561
0.127223	302.194
0.137823	300.417
0.102316	300.457
0.156584	300
0.147905	300.604
0.138197	300.066
0.141881	300.822
0.0224196	300.846
0.0127075	300.519
0.0168659	306.575
0.00245343	300.126
-0.0273711	300
-0.0104277	300
-0.0319391	300
-0.0321342	300
-0.0429182	300
-0.0647844	300
-0.173097	300
-0.17854	300
-0.180815	300
-0.174744	300
-0.167391	300
-0.0206508	300.054
-0.0204398	300.059
-0.020053	300.298
0.176142	300
0.171468	300
0.1688	300
0.160176	300
0.163193	300
0.179885	300
0.173942	300
-0.000918856	301.798
6.91344e-05	300.02
-0.0204529	300.054
-0.0109901	302.311
-0.0142467	300.037
-0.0207279	300.054
-0.00192158	300.004
-0.0041403	301.63
-0.0118308	300.027
0.000903039	300.005
0.166833	300
0.177522	300
0.181579	300
0.189796	300
0.187661	300
0.19529	300
-0.166187	300
-0.0556329	300
-0.0542855	300
-0.0537466	300
-0.0450521	300
-0.0450701	300
-0.0375852	300
-0.0498043	300
-0.0147172	300
-0.00549123	300
-0.0160956	300
-0.0168048	300
-0.0201193	300
-0.0352474	300
-0.0311962	300
-0.0307334	300
0.0242207	300.74
0.0151107	300.108
0.00748153	300.011
0.0140543	300.016
0.0133655	300.077
0.0166687	300.019
0.0250626	300.028
0.146911	300.027
0.0773952	302.093
0.0707721	300.091
0.0841865	300.15
0.146452	300
0.147071	300
0.151208	300
0.13736	300
0.143194	300
0.110773	300.987
0.102702	300.174
0.10393	300.208
0.110415	300.226
0.101607	300.174
0.0912352	302.463
0.132974	300.721
0.358008	300
0.355449	300
0.3531	300
0.36459	300
0.203775	300.26
0.188488	300.867
0.186633	301.908
0.191939	300.97
0.248594	300
0.214809	300.019
0.219984	300.01
0.223301	300.007
0.207613	300.477
0.2108	300.315
0.207058	300.674
0.209499	300.069
0.201159	300.666
0.172055	300.01
0.188171	300.005
0.185911	300.004
0.213877	300
0.221632	300
0.202003	300
0.195011	300
0.198374	300
0.183044	300
0.153583	300.008
0.195616	300
0.0553974	300.588
0.0645888	303.005
0.0317996	300.001
0.0331477	300.002
0.0975061	300
0.0996285	300
0.103002	300
0.105331	300
0.110314	300
0.0718729	300
0.0723896	300
-0.167172	300
-0.167763	300
-0.167583	300
-0.167337	300
-0.168627	300
-0.168131	300
-0.162279	300
-0.166771	300
-0.167101	300
-0.171802	300
-0.163526	300
-0.161784	300
0.0434997	300.07
0.0536884	300.011
0.027312	300
0.0279738	300
0.0232488	300
0.0479474	300
0.0466516	300
0.038721	300
0.0513511	300
0.00601772	300
0.0059592	300
-0.000936898	300
0.000688222	300
0.00377278	300
0.215899	300
0.227269	300
-0.160783	300
-0.162722	300
-0.152772	300
-0.144901	300
-0.163133	300
-0.16884	300
-0.155647	300
-0.160937	300
-0.16731	300
0.0103802	304.857
0.0152677	302.984
0.134811	305.791
0.141013	306.89
-0.144405	300
-0.144232	300
-0.0985327	300
-0.104531	300
-0.151201	300
-0.148894	300
-0.161216	300
-0.0963609	300
-0.102461	300
-0.128772	300
-0.11882	300
-0.119723	300
-0.106929	300
-0.0981387	300
-0.108241	300
-0.113389	300
0.354618	300
0.355624	300
0.35313	300
0.353751	300
0.350731	300
0.351811	300
0.352433	300
0.353816	300
0.352294	300
-0.168592	300
-0.1323	300
-0.131965	300
0.159872	303.06
0.159753	303.653
0.160826	302.996
0.158509	304.684
0.158544	303.527
0.339594	300
0.342736	300
0.34028	300
0.339021	300
0.332081	300
0.29748	300
0.292257	300
0.280225	300
0.280272	300
0.283572	300
0.290066	300
0.281895	300
0.279834	300
0.356865	300
0.0501487	306.369
0.0343155	308.674
0.0250794	304.254
0.0205099	302.148
0.0238142	302.167
0.0224437	302.199
0.0394057	304.838
0.0428594	306.042
0.0398633	304.385
0.0482891	303.897
0.0414599	307.969
0.037626	309.172
0.353898	300
0.350701	300
0.077117	329.68
0.113621	324.922
0.113004	325.375
0.112166	325.142
0.0590805	321.341
0.0699802	320.221
0.321453	300
0.325931	300
0.319795	300
0.321134	300
-0.154276	300
-0.162045	300
-0.130371	300
-0.13887	300
-0.134429	300
0.35182	300
0.35155	300
0.352054	300
0.00313482	301.301
0.00745698	301.486
0.12421	318.021
0.123747	317.316
0.123355	318.18
0.127753	317.114
0.118626	321.133
0.123041	327.107
0.12937	324.727
0.274846	300
0.271534	300
0.266623	300
0.227361	300
-0.169345	300
-0.169351	300
-0.171317	300
-0.167017	300
-0.163484	300
-0.164527	300
-0.16193	300
-0.164247	300
-0.162805	300
-0.169759	300
-0.164439	300
-0.075794	300
-0.0804195	300
-0.165915	300
-0.167571	300
-0.158469	300
0.0345433	300.623
0.0389798	300.113
0.0305334	300.11
-0.0130443	300
-0.00506524	300
-0.0105903	300
0.0815019	312.96
0.232575	300
0.227969	300
0.24955	300
0.239188	300
0.238395	300
0.25251	300
0.350445	300
0.361283	300
0.358713	300
0.353104	300
0.357966	300
0.297126	300
0.296677	300
0.298407	300
0.297267	300
0.297366	300
0.307801	300
0.36387	300
0.363307	300
0.0979426	318.063
0.160724	300.002
0.156135	300.003
0.119882	300
0.26859	300
0.261661	300
0.270587	300
0.274379	300
0.278714	300
-0.0127805	300.325
-0.0154582	301.427
-0.0169733	300.359
-0.0250735	300.024
0.178081	300.43
0.144424	300.053
0.136692	300.008
0.139345	300.002
0.177307	300.475
0.26656	300
0.279616	300
0.286482	300
-0.0659018	300
0.354845	300
0.338639	300
-0.13337	300
-0.132983	300
0.348223	300
-0.0309975	300
-0.0688493	300
0.283069	300
0.280854	300
0.28225	300
0.278085	300
0.283964	300
0.271108	300
0.27895	300
0.275308	300
0.174785	300.001
0.174276	300.001
0.171183	300.001
0.174044	300.001
0.135363	300.002
-0.028791	300.007
-0.0283419	300.012
-0.0283668	300.008
-0.0286976	300.007
-0.00927471	300.301
-0.0105659	300.125
-0.0101347	300.095
0.279892	300
0.262997	300
0.259456	300
0.265783	300
0.271156	300
-0.053224	300
0.130563	300
0.123677	300
0.120039	300
0.166313	300.001
0.171913	300
0.165809	300.001
0.166055	300.001
0.16609	300.001
0.154732	300.004
0.16574	300.001
0.111716	311.37
0.100519	317.523
0.110923	310.826
0.0966732	317.809
0.0889252	316.535
0.360282	300
0.324125	300
0.320536	300
0.318425	300
0.322204	300
0.321561	300
0.348541	300
0.346805	300
0.350022	300
0.35022	300
0.364341	300
0.363155	300
0.351602	300
0.346322	300
0.0465457	300.053
-0.00275422	300
-0.00123602	300
-0.00255444	300
0.0335655	300.005
0.0336407	300.002
0.0334782	300.002
0.0335477	300.002
-0.164993	300
-0.156854	300
-0.153842	300
-0.153806	300
-0.0816619	300
-0.0756158	300
-0.167958	300
-0.158441	300
-0.157229	300
-0.15999	300
-0.157977	300
-0.15829	300
-0.162054	300
-0.157113	300
-0.15366	300
-0.163564	300
-0.155877	300
0.26789	300
0.25409	300
0.260846	300
0.251624	300
0.255664	300
0.26651	300
0.112632	324.563
0.0159425	301.238
0.0113641	301.275
0.00742107	300.608
0.351607	300
0.35141	300
0.351417	300
0.352023	300
-0.16331	300
-0.161203	300
-0.156448	300
0.321152	300
0.0614741	312.121
0.0598369	317.128
0.0637129	313.849
0.0593314	311.325
0.0773058	329.5
0.0819832	325.77
0.0769025	322.914
0.0836347	326.977
0.114667	326.033
0.0977542	329.165
0.0911469	327.291
0.102218	326.493
0.100464	327.833
0.345938	300
0.03663	303.741
0.0386165	301.666
0.0324124	301.224
0.0367304	309.612
0.0310641	301.938
0.0348654	303.567
0.0317407	302.952
0.0246985	301.692
0.307666	300
0.309871	300
0.307951	300
0.319836	300
0.159617	302.675
0.149839	310.252
0.145527	306.95
0.163265	302.473
0.16508	304.683
0.163856	303.521
0.166541	303.9
0.167212	305.017
0.1685	303.62
0.173703	301.619
0.182357	301.016
0.186186	300.551
-0.159337	300
-0.159207	300
0.345448	300
0.349214	300
0.349197	300
0.372326	300
0.379585	300
0.371634	300
0.367865	300
-0.0937337	300
-0.0954215	300
-0.0883854	300
-0.0848124	300
-0.0941071	300
-0.108456	300
-0.143843	300
0.135937	304.716
0.143872	307.069
0.143532	302.146
-0.142728	300
-0.149988	300
0.32301	300
0.327151	300
0.00557127	300
0.0437474	300
0.054225	300.007
0.034264	300.137
0.0553866	300.007
-0.027775	300.023
-0.0199749	300.25
-0.0295964	300.011
-0.0263364	300.094
-0.163789	300
-0.163988	300
-0.158442	300
-0.155212	300
0.0849004	300
0.0858928	300
0.112532	300
0.0833118	300
0.0205317	300
0.0214669	300
0.0181172	300
0.0533459	300.332
0.0479822	300.083
0.191674	300.668
0.182589	300
0.209524	300
0.216653	300
0.212808	300.047
0.207696	300.468
0.214941	300.047
0.21499	300.038
0.22465	300.002
0.221673	300.009
0.222633	300.003
0.227369	300
0.205107	300.072
0.200317	300.512
0.203041	300.092
0.124914	302.591
0.116562	308.031
0.122936	303.1
0.119736	305.333
0.113746	300.011
0.0874928	300.088
0.0934615	300.081
0.116637	300.004
0.00236965	300.004
0.00775342	300.002
-0.0377384	300
-0.0424447	300
-0.0404656	300
-0.00192512	300
-0.00221655	300
-0.00321175	300
-0.00332227	300
-0.0025211	300
-0.00151673	300
-0.0427758	300
-0.0458128	300
0.157995	300
0.165662	300
0.1645	300
0.155476	300
-0.0216607	300.002
-0.0216571	300
-0.0104234	300.001
-0.0220129	300
0.00401134	300
-0.0277182	300
-0.021792	300.009
-0.0222235	300
0.179828	300
0.182014	300
-0.0764175	300
-0.0753989	300
-0.0760076	300
-0.0284605	300
-0.0250693	300
-0.0333345	300
-0.0557078	300
-0.0529649	300
-0.0607857	300
-0.0580042	300
-0.0437081	300
-0.0326978	300
-0.0574321	300
0.0334384	300.002
0.0232398	300.016
-0.000744406	300.004
-0.00392693	300
-0.0078429	300
0.00298782	300
0.00723638	300
0.009485	300
0.0172002	300
0.0176474	300
0.123662	300.001
0.113865	300
0.109221	300
0.116774	300
0.113814	300.003
0.0909087	300.014
0.100367	300.15
0.107705	300.001
0.106285	300.015
0.102633	300.158
0.126463	302.415
0.136256	300.243
0.301093	300
0.304906	300
0.279772	300
0.344631	300
0.341155	300
0.343399	300
0.21802	300.012
0.215091	300.031
0.196848	300.215
0.200561	300.036
0.199045	300.034
0.227353	300
0.217742	300
0.216081	300
0.227962	300
0.234446	300
0.23928	300
0.245551	300
0.228997	300
0.223105	300.01
0.225117	300.002
0.222809	300
0.222592	300.001
0.221384	300.003
0.224436	300
0.224827	300.001
0.222657	300.002
0.220249	300.021
0.224785	300.002
0.221704	300.015
0.227957	300.001
0.211836	300
0.205632	300
0.150573	300.005
0.159924	300.002
0.179856	300
0.161638	300.003
0.1676	300.025
0.219554	300
0.215819	300
0.2259	300
0.213535	300
0.222757	300
0.204554	300
0.200831	300
0.04759	300.062
0.0187331	300
0.0309604	300.001
0.0197191	300
0.0137529	300
0.0197193	300
0.0823023	300
0.0775162	300
0.0845642	300
0.0931621	300
0.0967569	300
-0.152348	300
-0.0350102	300.005
-0.151627	300
0.0605769	300
0.0560336	300
0.0539754	300
0.033586	300.002
0.0811812	300.065
0.0840813	300.002
0.00490373	300
0.034414	300
0.0377464	300
0.0479653	300
0.00955107	300
0.0201833	300
0.023481	300
0.0168173	300
0.0287853	300
0.325033	300
0.331201	300
-0.130593	300
-0.129714	300
-0.121833	300
-0.137386	300
-0.150445	300
-0.156535	300
0.148071	301.877
0.155325	301.45
0.153143	301.285
0.134768	304.956
-0.113161	300
-0.107154	300
-0.101586	300
0.351141	300
0.342681	300
0.342855	300
0.344508	300
0.334006	300
0.122526	317.663
0.113885	318.023
-0.15132	300
-0.158636	300
-0.155566	300
0.184785	300.415
0.175191	300.681
0.197793	300.056
0.171951	300.801
0.167278	303.563
0.309433	300
0.021811	301.768
0.0987671	328.419
0.0623149	311.91
0.0521115	304.478
0.0611117	311.276
0.0716045	318.104
0.0720459	312.063
-0.1476	300
-0.146775	300
-0.142219	300
-0.147349	300
-0.151455	300
-0.146926	300
-0.112736	300
-0.117857	300
-0.119251	300
0.346858	300
0.343974	300
0.337279	300
0.34376	300
0.000826445	300.522
-0.00945884	300.07
0.132773	305.623
0.117894	313.987
0.266792	300
0.260439	300
0.26477	300
0.264783	300
0.213756	300
0.214332	300
-0.15695	300
-0.152209	300
-0.160771	300
-0.151916	300
-0.172305	300
-0.0956213	300
-0.0852957	300
-0.0902189	300
-0.147523	300
-0.0148127	300
-0.0152788	300
-0.0158059	300
-0.0174733	300
0.00802631	300
0.00503793	300
0.00551176	300
0.000341329	300
0.0107972	300
0.0144727	300
0.145851	300.029
0.143933	300.083
0.144541	300.058
0.147171	300.026
0.146657	300.027
0.145947	300.029
0.343722	300
0.34828	300
0.355206	300
0.357242	300
0.362965	300
0.364608	300
0.351623	300
0.345036	300
0.340539	300
0.339766	300
0.338924	300
0.339431	300
0.344845	300
0.0938821	317.431
0.100678	316.719
0.0979058	317.925
0.0991949	318.126
0.166303	300.001
-0.0288061	300
0.266719	300
0.266877	300
0.272467	300
0.268104	300
0.279477	300
0.27741	300
0.283043	300
0.279607	300
-0.0116911	300.067
-0.0213845	300.017
-0.0774851	300
-0.0956375	300
-0.0908167	300
-0.0925651	300
-0.0917475	300
-0.0876695	300
-0.0243238	300
-0.0313924	300
-0.013699	300
-0.0228386	300
-0.0162338	300
0.337726	300
0.332932	300
0.329301	300
-0.129208	300
-0.121072	300
-0.0293774	300.007
-0.0346466	300.008
-0.0911442	300
-0.106958	300
-0.100133	300
-0.100798	300
-0.0982039	300
-0.0109563	300.07
-0.0330909	300.001
-0.0313261	300.003
-0.0374427	300
-0.0417073	300
0.292449	300
0.290408	300
0.291647	300
0.291666	300
0.282334	300
0.260006	300
0.266757	300
0.267667	300
0.188608	300
0.166147	300.001
0.0955527	317.623
0.113322	308.05
0.118331	305.38
0.0839622	313.452
0.343024	300
0.333474	300
0.335517	300
0.335908	300
0.147437	300.026
0.156124	300.004
0.161855	300.002
0.144856	300.041
0.137668	300.16
-0.00218834	300
-0.0141795	300
-0.00557856	300
-0.150759	300
-0.145361	300
-0.142086	300
-0.148956	300
-0.144471	300
-0.0393987	300
-0.038567	300
-0.0424501	300
-0.0971284	300
-0.11212	300
-0.0982729	300
-0.104307	300
-0.106632	300
-0.0723323	300
-0.0753387	300
-0.150492	300
-0.15237	300
-0.139847	300
-0.137174	300
-0.136871	300
-0.149252	300
-0.147341	300
-0.140876	300
-0.143994	300
-0.15064	300
-0.15124	300
-0.146394	300
0.0524378	300
0.0590605	300.001
0.0541568	300.007
0.22665	300
0.12366	316.062
0.123406	309.12
0.127377	309.648
0.0111075	300.229
0.00903919	300.329
0.311038	300
0.311066	300
0.314333	300
0.322966	300
-0.146852	300
-0.148539	300
0.325462	300
0.321361	300
0.318539	300
0.0636001	310.732
0.0705206	308.505
0.0609452	305.79
0.0681924	307.424
0.0796108	317.402
0.0823619	323.486
0.0840622	320.911
0.0439297	301.221
0.0477681	301.856
0.100269	324.748
0.100466	324.546
0.0327987	300.382
0.0323787	300.379
0.0324864	300.34
0.305796	300
0.31186	300
0.320968	300
0.304621	300
0.299349	300
0.296235	300
0.299018	300
0.00929398	300.458
-0.108557	300
-0.121509	300
0.150901	300.515
0.145479	301.493
-0.160561	300
-0.166118	300
-0.169418	300
-0.161407	300
-0.163554	300
-0.131705	300
-0.13898	300
0.334507	300
0.0269633	300
0.0274084	300
0.0290157	300
0.0286596	300
0.0282119	300
0.0447054	300.002
0.0363382	300.002
0.0426158	300
0.0425221	300
0.0426738	300
0.0427008	300.004
0.0428013	300
0.0401111	300
0.088975	300.001
0.0828587	300
0.0922181	300
0.0726444	300
0.068986	300
0.0676602	300
0.0718692	300
0.073549	300.001
0.0758081	300
0.064727	300.001
0.0649556	300.001
0.0614964	300
-0.157193	300
-0.152548	300
-0.150893	300
-0.151915	300
-0.155258	300
-0.150137	300
-0.149818	300
-0.154355	300
-0.146113	300
-0.154832	300
-0.155654	300
-0.156323	300
-0.155795	300
-0.0336406	300.002
-0.0338572	300.001
0.104222	300
0.100059	300
0.104639	300
0.0935683	300.001
0.0962589	300
0.100571	300.002
0.102423	300
-0.00125562	300
0.218966	300.004
0.208013	300.049
0.182373	300
0.171939	300.001
0.182745	300
0.176653	300
0.199356	300
0.190009	300
0.214208	300
0.243164	300
0.235932	300
0.237539	300
0.245636	300
0.250807	300
0.162231	300.001
0.165705	300
0.177673	300
0.175975	300
0.181521	300
0.144213	300.001
0.14306	300
0.144258	300
0.143778	300
0.143072	300
0.203997	300
0.203844	300
0.202713	300
0.239705	300
0.22905	300.002
0.237377	300
0.228745	300.001
0.229384	300.001
0.236756	300
0.22962	300
0.22553	300
0.342614	300
0.342498	300
0.336279	300
0.34599	300
0.3458	300
0.338699	300
0.134367	300.001
0.14236	300
0.126195	300
0.131019	300
0.134969	300
0.143277	300
-0.0210985	300
-0.0164753	300
-0.0169204	300
-0.0169809	300
-0.00619768	300
-0.0703482	300
-0.0592988	300
0.0321594	300.001
0.0467363	300.055
0.0467185	300.057
0.0331151	300.003
0.174891	300.001
0.191196	300
0.176569	300.001
0.192463	300
-0.0180401	300
-0.0222684	300
0.000876091	300
-0.00596635	300
-0.0145845	300
-0.00886906	300
-0.0162911	300
-0.00822641	300
-0.0126226	300
-0.0191206	300
-0.0182618	300
-0.0203099	300
-0.0179421	300
0.0317218	300.001
0.0248229	300.001
-0.0171349	300
0.152323	300.017
0.142331	300.076
0.326249	300
0.326604	300
0.327988	300
0.326813	300
0.320836	300
0.216709	300.004
0.200862	300.023
0.206414	300
0.216495	300
0.226877	300
0.216864	300
0.215331	300
0.228573	300
0.230187	300
0.249163	300
0.233764	300
0.247826	300
0.249103	300
0.181267	300
0.182153	300
0.185105	300.003
0.185389	300
0.202061	300
0.201636	300
0.199299	300
0.201457	300
0.201288	300
0.201012	300
0.222752	300
0.216102	300
0.141691	300
0.145533	300
0.148411	300
0.134808	300
0.154353	300
0.152659	300
0.15563	300
0.155073	300
0.155423	300
0.155339	300
0.156755	300
0.155345	300
0.197595	300
0.206131	300
0.221516	300
0.228341	300
0.230518	300
0.231181	300
0.185933	300
0.00894417	300
0.0011572	300
0.0121227	300
0.0144359	300
0.00802743	300
0.0775203	300.002
0.0819279	300.001
0.0705274	300.001
-0.142536	300
-0.0431288	300
-0.0484462	300
-0.0456901	300
-0.143832	300
-0.147307	300
-0.149236	300
-0.149488	300
0.0151455	300.015
0.0101014	300.001
0.0195455	300.001
-0.107399	300
-0.114184	300
0.177539	300.459
0.184582	300.327
0.18379	300.074
0.195996	300.035
0.133011	302.203
0.136158	301.821
0.134007	301.669
0.134234	303.59
0.130638	304.165
0.115923	311.894
0.100374	324.547
0.111112	320.273
0.100358	324.612
0.100301	324.634
0.165695	300.311
0.164822	300.58
0.167539	300.286
0.169368	300.458
0.170188	300.241
0.314443	300
0.313195	300
0.312996	300
0.027368	300.799
0.0219268	300.56
0.10029	324.613
0.0851731	326.615
0.100064	324.553
0.10018	324.679
0.0898413	327.3
0.0931183	328.001
0.0658684	305.4
0.0564031	302.945
0.0831162	318.036
0.0735758	309.571
0.327387	300
0.32942	300
0.337818	300
0.331737	300
-0.133893	300
-0.146493	300
-0.123422	300
-0.122276	300
0.199048	300.026
0.326523	300
0.32017	300
0.317572	300
0.00729486	300.096
0.00349683	300.093
0.288165	300
0.279167	300
0.249317	300
0.222847	300
0.233509	300
0.234918	300
-0.137835	300
-0.146126	300
-0.143685	300
-0.136205	300
-0.136658	300
-0.146572	300
-0.144525	300
-0.046029	300
-0.101951	300
-0.120571	300
-0.107277	300
-0.10821	300
-0.0874478	300
-0.0904234	300
-0.146275	300
-0.143841	300
-0.145507	300
-0.148691	300
-0.136287	300
-0.140812	300
-0.135271	300
-0.0389407	300
-0.040203	300
-0.0410962	300
-0.00138241	300
-0.0145659	300
-0.00850471	300
0.115673	306.546
0.148768	300.025
0.328062	300
0.325997	300
0.321116	300
0.336902	300
0.332	300
0.334632	300
0.33746	300
0.350869	300
0.337427	300
0.0480547	300.092
0.0919247	317.004
0.124025	302.539
0.133034	300.533
0.125223	301.612
0.0990293	317.485
0.0951688	316.831
0.112296	308.404
-0.0542895	300
-0.0573313	300
0.273479	300
-0.0318663	300.001
-0.0333961	300
-0.00224418	300.089
-0.00549231	300.04
0.00763164	300.398
-0.0302489	300
-0.0292845	300
-0.0126404	300.06
-0.0214789	300.007
-0.0219755	300.002
-0.0177979	300.004
-0.0119121	300.006
-0.0477447	300
-0.0409556	300
-0.0450773	300
-0.0439933	300
-0.0353225	300
-0.0331825	300
-0.0360128	300
-0.026841	300
0.297584	300
0.10081	313.745
0.113557	307.481
0.0814846	311.726
0.090382	315.823
0.111386	308.899
0.0661919	303.244
0.0656421	302.907
0.0655795	302.863
0.0653952	302.8
0.0647041	302.734
0.0440637	300.03
0.332335	300
0.332986	300
0.328	300
0.327533	300
0.32847	300
0.328884	300
0.330314	300
0.333927	300
0.317013	300
0.320374	300
0.312091	300
0.167431	300.001
0.144867	300.03
-0.00317174	300
0.00783053	300
-0.0579445	300
-0.0587704	300
-0.057401	300
-0.0493724	300
-0.13198	300
-0.0395798	300.001
-0.0451441	300
-0.0425692	300
-0.0893156	300
-0.0882449	300
-0.0625938	300
-0.0756028	300
-0.0742793	300
-0.0781956	300
-0.0839289	300
-0.123176	300
-0.121794	300
-0.111097	300
-0.101524	300
-0.129182	300
-0.140579	300
-0.134572	300
-0.155039	300
-0.148269	300
-0.130503	300
-0.128697	300
-0.141895	300
-0.136307	300
-0.136056	300
-0.125804	300
-0.136419	300
0.229946	300
0.229644	300
0.23891	300
0.229648	300
0.229666	300
0.229166	300
0.219246	300
0.229711	300
0.229871	300
0.236264	300
0.248213	300
0.248204	300
0.248644	300
0.251559	300
0.245517	300
0.303717	300
0.294693	300
0.316213	300
0.308273	300
-0.00597077	300.021
-0.00526272	300.008
-0.00857098	300.003
0.0184233	300.145
0.0297779	300.292
0.0180058	300.073
0.0149571	300.076
0.199057	300.023
-0.139197	300
-0.141391	300
-0.136577	300
-0.13638	300
-0.134123	300
0.329169	300
0.0697707	306.676
0.0847957	316.439
0.100233	324.58
0.0963103	317.637
0.106432	316.596
0.0588028	301.81
0.0491213	301.154
0.0444974	300.914
0.0328036	300.344
0.0168434	300.061
0.313491	300
0.309532	300
0.323985	300
0.159877	300.264
0.169696	300.217
0.169686	300.06
0.181134	300.057
0.125925	303.624
0.119635	305.775
0.117126	306.901
-0.121659	300
-0.129505	300
-0.122571	300
-0.129173	300
-0.137146	300
-0.130849	300
0.23601	300
0.249336	300
0.226711	300.002
0.237032	300
-0.138611	300
-0.129044	300
-0.133075	300
-0.134341	300
-0.0158173	300
-0.0174802	300
-0.0210197	300
-0.020137	300
0.0280948	300.001
0.0365636	300.01
0.25025	300
0.239586	300
0.215054	300.002
0.201793	300
0.193471	300
0.213037	300
0.178002	300
0.181139	300
0.173751	300
0.234048	300
0.232018	300
0.225666	300
0.252232	300
0.244192	300
0.321812	300
0.319314	300
0.322934	300
0.165419	300.001
0.158871	300.003
-0.0222209	300
-0.0303371	300
-0.0212981	300
0.0299445	300.002
0.153112	300.01
0.15514	300.007
0.157637	300.006
0.155889	300.006
0.265706	300
0.275143	300
0.2674	300
0.310713	300
0.258251	300
0.251674	300
0.249514	300
0.245052	300
0.244193	300
0.208575	300
0.218542	300
0.235695	300
0.239969	300
0.195935	300
0.201486	300
0.184423	300
0.250432	300
0.0183476	300.001
0.0118974	300
0.00700329	300
0.0125796	300
0.0146341	300
0.0273999	300.001
-0.00869857	300
-0.00691823	300
-0.0100941	300
-0.000726277	300
-0.0610886	300
-0.0611891	300
0.249383	300
0.237663	300
0.246441	300
0.178151	300.027
0.194231	300.003
0.200619	300.003
0.210683	300.001
0.188809	300.006
0.18835	300.034
0.163519	300.079
0.152469	300.176
0.146603	300.333
0.144145	300.25
0.136816	301.328
0.148059	300.185
-0.124495	300
-0.115353	300
-0.120035	300
0.119297	305.094
0.132563	301.694
0.132545	301.112
0.105322	315.429
-0.116724	300
0.0168421	300.056
-0.0218746	300.001
-0.0314658	300
-0.0196956	300.001
0.0328375	300.277
0.0358779	300.282
0.0331772	300.096
0.0771231	308.702
0.0757152	307.324
0.0735109	306.675
0.0747474	306.684
0.063241	301.562
0.0517961	300.472
0.0508241	300.41
0.0438429	300.276
-0.133856	300
-0.133659	300
-0.132064	300
0.292676	300
0.301479	300
0.318409	300
0.24793	300
0.248575	300
-0.135711	300
-0.119141	300
-0.118859	300
-0.131533	300
-0.127378	300
-0.132949	300
-0.129197	300
-0.129342	300
-0.125015	300
-0.119251	300
-0.0757412	300
-0.0869881	300
-0.0565854	300
-0.0583072	300
-0.0684533	300
-0.06227	300
-0.0582176	300
-0.0753074	300
-0.0573106	300
-0.0609537	300
-0.0587329	300
-0.0474653	300
-0.0252845	300
-0.0344841	300
-0.0399132	300
-0.0403419	300
0.123887	302.916
0.128597	300.834
0.132235	300.381
0.132198	300.4
0.129655	300.539
0.304632	300
0.322645	300
0.075586	306.211
0.0656054	302.859
0.0933317	317.279
-0.0297341	300
-0.0433109	300
-0.0326991	300
-0.0345372	300
-0.0366934	300
-0.0407639	300
-0.0313364	300
-0.0481666	300
-0.0445065	300
-0.0542835	300
-0.0919561	300
-0.102012	300
-0.11081	300
-0.101173	300
-0.0946693	300
-0.104369	300
0.0984713	316.843
0.0674998	302.12
0.0597266	300.451
0.0629914	301.548
0.0654383	302.806
0.315751	300
0.316138	300
0.31616	300
0.309649	300
0.313909	300
0.310665	300
0.323748	300
0.297911	300
0.294885	300
0.307064	300
0.302184	300
0.29328	300
0.302453	300
0.267021	300
0.265593	300
0.141879	300.047
0.136615	300.294
0.137455	300.28
-0.0563973	300
-0.0461805	300
-0.051368	300
-0.129522	300
-0.129771	300
-0.125866	300
-0.0229765	300
-0.010269	300.002
-0.00649555	300.003
-0.0545951	300
-0.0598403	300
-0.057389	300
-0.059827	300
-0.0601833	300
-0.129579	300
-0.111882	300
-0.118431	300
-0.110032	300
-0.134089	300
-0.118735	300
-0.119551	300
-0.127168	300
-0.124563	300
-0.119593	300
-0.11911	300
-0.126764	300
-0.119235	300
0.251861	300
-0.00936074	300.001
-0.0190342	300
0.0149563	300.052
-0.00153752	300.002
0.00150567	300.014
-0.119382	300
-0.130335	300
-0.126227	300
-0.119211	300
-0.125677	300
0.0511873	300.403
0.0520166	300.51
0.0437214	300.094
0.0348047	300.085
0.0762587	307.529
0.0822817	311.612
0.0935402	319.48
0.0165919	300.032
0.0265493	300.056
0.0163448	300.007
0.0139188	300.005
0.0338895	300.1
0.0157758	300.006
0.29248	300
0.296506	300
0.299904	300
0.299686	300
0.307608	300
-0.0359018	300
0.120783	304.089
0.125517	301.51
0.119363	304.892
0.134015	300.526
0.160545	300.035
0.159041	300.026
0.13664	300.287
0.209673	300
0.194112	300.002
0.155238	300.008
0.15915	300.02
0.138073	300.271
0.249456	300
-0.110625	300
-0.101841	300
-0.11184	300
0.0105268	300
0.00517918	300
0.0336302	300.007
0.0406932	300.016
0.00805458	300
0.25183	300
0.226594	300
0.246966	300
0.190263	300
0.174101	300
0.176355	300
0.170677	300.001
0.169051	300.001
0.160369	300.005
0.258117	300
0.269766	300
0.269721	300
0.267438	300
0.269612	300
0.269901	300
0.270109	300
0.312087	300
0.309449	300
0.304472	300
0.315988	300
0.309788	300
0.304231	300
0.312059	300
-0.0460054	300
-0.0414561	300
0.0384067	300.043
0.0176485	300.006
0.0430716	300.03
0.0355305	300.012
0.0651438	302.774
0.0561023	300.324
0.0482217	300.052
0.0437254	300.055
0.116131	305.499
0.111685	308.453
0.298247	300
0.298164	300
0.308259	300
0.314557	300
0.295023	300
0.265498	300
0.259627	300
0.269414	300
0.274801	300
0.286842	300
0.269865	300
0.266219	300
0.173728	300.001
0.181693	300.001
0.161522	300.007
0.16385	300.017
0.224031	300
0.214991	300
0.21451	300.001
0.201538	300.022
0.210624	300.001
-0.00778334	300
0.00351864	300
0.0334442	300.087
-0.00530919	300
-0.00820087	300
-0.0828034	300
-0.0941969	300
-0.0806279	300
-0.0809898	300
-0.102388	300
-0.0832899	300
-0.121636	300
-0.113673	300
-0.11543	300
0.179581	300.004
0.178883	300.006
0.182552	300.003
0.175077	300.022
0.193452	300.001
0.131543	300.394
0.14994	300.055
0.153337	300.019
0.124102	301.549
0.200119	300
0.178055	300.003
0.177349	300.004
0.161335	300.02
0.0972269	318.485
0.108756	311.471
0.118293	305.656
-0.0523	300
-0.058914	300
-0.0408129	300
-0.0476402	300
-0.0493394	300
-0.0370323	300
-0.0381126	300
-0.0386953	300
-0.0409045	300
-0.0373502	300
0.300093	300
0.29314	300
0.307488	300
0.300691	300
0.307638	300
0.297947	300
0.0933124	319.099
0.0954886	319.229
0.100859	316.425
0.0994031	316.419
0.0601903	300.696
0.0580925	300.425
0.0573239	300.39
0.0781246	308.335
0.0886781	314.958
0.0609327	301.026
0.0819599	311.526
0.0769384	307.791
0.0765982	307.786
0.255916	300
0.248586	300
0.249565	300
-0.128269	300
-0.114026	300
-0.113052	300
-0.118568	300
-0.117434	300
-0.0647065	300
-0.0760007	300
-0.110623	300
-0.0541788	300
-0.120103	300
-0.115538	300
-0.113194	300
-0.112319	300
-0.114023	300
-0.0475714	300
-0.0358589	300
-0.0379041	300
-0.02272	300
0.303475	300
0.318432	300
0.326095	300
0.315448	300
-0.0767444	300
-0.096218	300
-0.0964052	300
-0.0932358	300
-0.0953486	300
-0.0784076	300
-0.0953234	300
-0.0935668	300
0.308509	300
0.307079	300
0.29795	300
0.299885	300
0.309215	300
0.306613	300
0.288248	300
0.292001	300
0.302212	300
0.287106	300
0.269883	300
0.283702	300
0.274886	300
0.294238	300
-0.032133	300
-0.0278152	300
-0.0206783	300
-0.0132376	300
-0.009846	300
-0.03982	300
-0.0609751	300
-0.0796769	300
-0.110796	300
-0.0629447	300
-0.0811223	300
-0.109669	300
-0.10397	300
-0.103949	300
-0.10403	300
-0.064595	300
-0.0745052	300
-0.10908	300
-0.106823	300
-0.105055	300
-0.110931	300
0.270295	300
0.249544	300
0.0996608	316.478
0.0823268	311.578
0.100969	316.265
0.0589708	300.445
0.0592175	300.423
0.0454672	300.132
0.0152753	300.006
-0.00518509	300
0.283558	300
0.28202	300
0.293129	300
0.281126	300
0.259392	300
0.247385	300
0.239424	300
0.122239	301.749
0.13524	300.413
0.295521	300
0.282931	300
0.173769	300.003
0.178345	300.001
0.216747	300
0.213474	300
0.206944	300
0.211728	300
0.209565	300
0.213609	300
0.18948	300
0.193515	300
0.195621	300
0.195465	300
0.193852	300
0.201828	300
-0.0818649	300
-0.00531898	300
0.00556098	300
-0.00490021	300
0.0148875	300.005
0.00533131	300
0.0161343	300.001
0.0256198	300.002
0.0198022	300.001
0.0252412	300.004
0.0162043	300.001
0.228813	300
0.254105	300
0.252003	300
0.245474	300
0.258088	300
0.20701	300
0.207019	300
0.197713	300
0.198988	300
0.282374	300
0.286556	300
0.295402	300
0.284127	300
0.267146	300
0.281579	300
0.288898	300
0.261764	300
0.259329	300
0.260075	300
0.258675	300
0.258727	300
0.262377	300
0.263943	300
0.281644	300
0.275841	300
0.28353	300
0.262316	300
0.281607	300
0.21491	300
0.217965	300
0.225505	300
0.225075	300
0.228743	300
0.222293	300
0.259558	300
-0.00623163	300
-0.00976452	300
-0.08183	300
0.221953	300
0.218394	300
0.117317	304.704
0.112459	307.339
0.119922	303.507
0.103114	314.67
0.113412	307.115
0.100086	315.938
-0.0183957	300
-0.0211519	300
-0.0144341	300
-0.0793907	300
-0.0784082	300
-0.102947	300
-0.100989	300
-0.0971715	300
-0.0717301	300
-0.0715307	300
-0.0705872	300
-0.073801	300
-0.0609937	300
-0.0653671	300
-0.0898897	300
-0.0909436	300
-0.0882921	300
-0.0998283	300
-0.0814324	300
-0.0907171	300
-0.0910648	300
-0.0790868	300
-0.0729679	300
-0.0684024	300
-0.0842388	300
-0.0656288	300
-0.0520055	300
-0.0971441	300
-0.0395165	300
-0.111283	300
-0.0363992	300
-0.105349	300
-0.0950738	300
-0.0947289	300
-0.0913693	300
-0.0176488	300
-0.0066179	300
-0.0507721	300
-0.0452726	300
-0.0620053	300
-0.0467244	300
-0.0511174	300
-0.0513565	300
-0.0419111	300
-0.0537014	300
-0.0766869	300
-0.0750142	300
-0.0885075	300
-0.0685112	300
-0.102489	300
-0.0927559	300
-0.0907258	300
-0.0693786	300
-0.0741318	300
-0.0738635	300
0.223376	300
0.231866	300
0.270263	300
0.293921	300
0.300394	300
0.24987	300
0.249303	300
0.249818	300
0.248229	300
0.286323	300
0.285758	300
0.287311	300
0.285839	300
0.250163	300
0.26433	300
0.251761	300
0.255688	300
0.263065	300
0.239066	300
0.238984	300
0.239119	300
0.239162	300
0.239598	300
0.266877	300
0.250103	300
0.284075	300
0.28252	300
0.269469	300
0.268519	300
0.275695	300
0.263411	300
0.269853	300
0.284628	300
0.274444	300
0.271864	300
0.287007	300
0.252129	300
0.23929	300
0.25837	300
0.27853	300
0.282297	300
0.285321	300
0.282691	300
0.277022	300
0.281898	300
0.229891	300
0.233239	300
-0.0900818	300
-0.0821754	300
-0.0815768	300
-0.0953603	300
-0.0620092	300
-0.063486	300
-0.0628499	300
-0.0625425	300
-0.0628988	300
-0.051031	300
0.249467	300
0.24115	300
0.240396	300
0.244021	300
0.367869	300
0.38	300
0.38	300
0.288501	300
-0.0111815	300
)
