(title "Static Temperature")
(labels "Position" "Static Temperature")

((xy/key/label "plane-26")
0.02	340.063
0.02	340.059
0.03	340.058
0.03	340.059
0.01	340.063
0.01	340.058
0	340.058
0	340.056
0.03	340.065
0.02	340.068
0.01	340.068
0	340.064
0.03	340.072
0.02	340.073
0.01	340.073
0	340.07
0.03	340.075
0.02	340.077
0.01	340.078
0	340.076
0.03	340.08
0.02	340.082
0.01	340.083
0	340.083
0.03	340.086
0.02	340.088
0.01	340.087
0	340.087
0.03	340.091
0.02	340.092
0.01	340.091
0	340.09
0.03	340.093
0.02	340.094
0.01	340.094
0	340.092
0.03	340.094
0.02	340.096
0.01	340.095
0	340.093
0.03	340.095
0.02	340.096
0.01	340.095
0	340.093
0.03	340.092
0.02	340.094
0.01	340.093
0	340.092
0.03	340.089
0.02	340.091
0.01	340.091
0	340.09
0.03	340.086
0.02	340.087
0.01	340.087
0	340.087
0.03	340.081
0.02	340.082
0.01	340.082
0	340.082
0.03	340.076
0.02	340.077
0.01	340.078
0	340.076
0.03	340.071
0.02	340.073
0.01	340.073
0	340.069
0.03	340.066
0.02	340.068
0.01	340.068
0	340.064
0.03	340.06
0.02	340.063
0.01	340.063
0	340.059
0.03	340.056
0.02	340.057
0.01	340.057
0	340.057
0.06	340.011
0.05	340.018
0.05	340.017
0.06	340.012
0.04	340.033
0.04	340.035
0.03	340.079
0.03	340.081
0.06	340.009
0.05	340.017
0.05	340.016
0.06	340.01
0.04	340.032
0.04	340.033
0.03	340.079
0.03	340.078
-0.0222878	300.463
-0.0310362	300.016
-0.0228153	300.187
-0.0200267	300.556
-0.0286879	300.047
-0.0252957	300.109
-0.0200416	300.57
-0.0185519	301.337
-0.0198083	300.621
-0.0263923	300.076
-0.0198904	300.828
-0.0255293	300.172
-0.0131778	304.264
-0.00634085	300
5.52824e-05	300
0.0028496	300
0.00285617	300
-0.00876925	300
-0.00974625	300
-0.0102038	300
-0.0114285	300
-0.0216626	300
-0.0231649	300
-0.0138508	300
-0.00703142	300
-0.0152402	300
-0.0204691	300
-0.0033023	300
-0.00743636	300
-0.0179059	300
-0.0127461	300
-0.0185011	300
0	340.069
-0.00689036	316.877
-0.00215522	332.232
0	340.074
0.0886073	300
0.0864836	300
0.0845963	300
0.0853677	300
-0.0118011	300.066
-0.0154688	300.055
-0.0134698	300.007
-0.00416151	300.039
-0.0143402	300.071
-0.00345727	300.858
-0.0123409	300.167
-0.00244851	301.369
0.00249546	300.595
0.000834506	300.337
0.0061513	300.586
0.0056154	300.232
0.00376195	300.019
0.109247	300
0.12321	300
0.122344	300
0.112019	300
0.108906	300
0.104142	300
0.0621938	300
0.0699469	300
0.07576	300
0.072423	300
0.0599818	300
0.0685057	300
0.0522623	300
0.0552783	300.002
0.0622271	300.001
-0.0104649	300
-0.0185101	300
-0.0213208	300
-0.00955783	300
-0.00245563	300
-0.000806023	300
-0.0142312	300
-0.019242	300
-0.0146728	300
-0.0258829	300
-0.0292236	300
0.000125336	300
-0.000273068	300
-0.0190729	300
-0.0271993	300
0.0793644	300
0.0781419	300
0.0897166	300
0.0780979	300
0.0935327	300
0.0940607	300
0.0929627	300
0.0946558	300
0.0957112	300
-0.0443187	300
-0.0484094	300
-0.0406057	300
-0.056693	300
-0.0503772	300
-0.053342	300
-0.0528121	300
-0.0500471	300
-0.053342	300
-0.0630015	300
-0.0631831	300
-0.0639013	300
-0.0507508	300
-0.0505271	300
-0.0588631	300
-0.0494947	300
-0.0405097	300
-0.0389066	300
0.128403	300
0.132523	300
0.124279	300
0.122064	300
0.138858	300
0.141608	300
0.141848	300
0.128905	300
0.144586	300
0.143643	300
-0.0271944	300.072
-0.026292	300.079
-0.0278977	300.069
0.158864	300
0.168213	300
0.160956	300
0.149996	300
0.161701	300
0.170527	300
0.169606	300
0.154605	300
0.14573	300
0.162564	300
0.146359	300
0.154103	300
0.0266349	300
0.027723	300
0.0276724	300
0.0251937	300
0.0257747	300
0.10652	300
0.112149	300
0.10235	300
0.117899	300
0.116939	300
0.110454	300
0.0946845	300
0.100494	300
0.0935006	300
0.115192	300
0.0983043	300
0.104791	300
0.103765	300
0.105012	300
0.105628	300
0.106222	300
-0.0669675	300
-0.0555313	300
-0.0557828	300
-0.0657237	300
-0.0668117	300
-0.0555155	300
-0.0554806	300
-0.067711	300
-0.0613104	300
-0.0624333	300
-0.0629962	300
-0.0635873	300
-0.0671164	300
-0.0643384	300
-0.0589829	300
-0.0591942	300
-0.0647943	300
-0.0678777	300
-0.0346095	300.002
-0.0285025	300.073
-0.0333763	300.004
-0.0248393	300.119
-0.0232985	300.27
-0.0299112	300.046
-0.0351583	300.002
-0.0185086	301.508
-0.0230553	300.6
-0.0163679	302.071
-0.0157037	302.215
-0.0328657	300.02
-0.0249602	300.103
-0.024908	300.089
-0.0174983	301.765
-0.0491346	300
-0.0396349	300
-0.0399836	300
-0.0473219	300
-0.0374357	300
-0.0418964	300
-0.0436964	300
-0.0341471	300
-0.0264422	300
-0.0358682	300
0.202877	304.641
0.209729	306.958
0.20211	308.232
0.20267	302.384
0.209705	306.785
0.198403	304.802
0.19827	302.615
0.207264	301.909
0.201903	300.999
-0.0669923	300
-0.0725955	300
-0.0700898	300
-0.0705108	300
-0.075111	300
-0.0745774	300
-0.0743748	300
-0.0751133	300
-0.079492	300
-0.0778267	300
-0.076884	300
-0.073644	300
-0.0807762	300
-0.0826839	300
-0.0821171	300
0.199133	300
0.196968	300
0.193784	300
0.191021	300
0.201494	300
0.207834	300
0.198884	300
0.197263	300
0.191064	300
0.190053	300
0.195999	300
0.21	300
0.209291	300
0.204308	300
0.199661	300
0.208766	300
0.20263	300
0.0439041	300.235
0.039207	300.064
0.0425308	300.238
0.0366143	300.078
0.032207	300.285
0.0420566	300.311
0.0318038	300.354
0.0313275	300.293
0.200824	317.684
0.201714	314.926
0.199042	317.438
0.206953	315.86
0.20425	313.435
0.21	314.469
0.198511	317.504
0.21	317.873
0.209897	317.903
0.201777	317.922
0.21	317.906
0.21	317.886
0.207997	317.919
0.105615	300
0.107309	300
0.0968704	300
0.107591	300
0.109207	300
0.110386	300
-0.0221716	300
-0.0271952	300
-0.00929621	300
-0.0248052	300
-0.0304897	300
-0.0203041	300
-0.0231354	300
-0.0183364	300
-0.0120149	300
-0.0096522	300
-0.00761979	300
-0.0273042	300
-0.0369101	300
-0.0340145	300
0.134028	300.194
0.122761	300.28
0.135016	300.139
0.136098	300.821
0.138805	300.156
-0.0138803	300
-0.0131762	300
-0.0186258	300
-0.016175	300
-0.0245439	300
-0.0282949	300
-0.0121171	300
0.000798916	300
-0.0105624	300
0.00250327	300
-0.0132933	300
-0.0309573	300
-0.0195645	300
-0.00412343	300
-0.0178174	300
0.00475599	300
0.00309163	300
0.00725523	300
0.00936001	300
0.0186083	300
0.0218703	300
0.018642	300
0.0250835	300
0.01328	300
0.010682	300
0.0205185	300
0.0234932	300
0.0282885	300
0.033123	300
0.0381887	300
0.0408834	300
0.0342045	300
0.0162734	300
0.0236522	300
0.153709	300
0.149123	300
0.161306	300
0.162351	300
0.151518	300
0.161819	300
0.164176	300
0.162919	300
0.163011	300
0.00464773	300
0.00555676	300
0.00106565	300
0.00509218	300
0.00477675	300.002
0.00413601	300
0.172851	300.473
0.173965	301.612
0.17878	301.267
0.176882	301.809
0.174977	302.519
0.16003	302.764
0.0874817	300
0.0889671	300
0.0854769	300
0.0820205	300
0.0883348	300
0.0871148	300
0.0762618	300
0.0689594	300
0.0930721	300
0.0710396	300
0.0788069	300
0.0917505	300
0.0898906	300
-0.00307187	300
-0.00315386	300
-0.00911562	300
-0.0126912	300
-4.45072e-05	300
0.189051	314.954
0.179739	311.876
0.184354	316.278
0.172559	311.089
0.165395	310.065
0.163146	312.442
0.167337	314.453
0.177516	309.783
0.173125	305.976
0.173528	313.777
0.17713	306.436
0.179616	309.562
0.184858	303.63
0.183539	304.811
0.185697	304.017
0.188835	308.36
0.184137	303.45
0.177964	316.158
-0.0577299	300
-0.0587023	300
-0.0453055	300
-0.0455406	300
-0.045905	300
-0.0581781	300
-0.0439322	300
-0.0528269	300
-0.0528078	300
-0.0514442	300
-0.0551289	300
-0.0581912	300
-0.0631718	300
-0.0530726	300
-0.0440671	300
-0.0428116	300
-0.062733	300
-0.0635778	300
0.0506777	300
0.0617336	300
0.0580059	300
0.0542937	300
0.0622383	300
-0.030831	300.001
-0.0155483	300.064
-0.0251516	300.002
-0.0347175	300
-0.0291317	300.001
-0.0363236	300
-0.0224551	300.191
-0.0145726	300.347
-0.0317985	300
-0.025566	300.002
-0.0334819	300.001
-0.0140287	300.703
-0.0183172	300.457
-0.0538841	300
-0.0543947	300
-0.0491673	300
-0.0530863	300
-0.0549441	300
-0.0534209	300
-0.0654763	300
-0.0652743	300
-0.0639621	300
-0.0629961	300
-0.0642683	300
-0.0593729	300
0.0250487	300
0.0191412	300
0.0201844	300
0.0232721	300
0.0145657	300
0.0209096	300
0.0107269	300
0.0257275	300
0.0164549	300
0.0275377	300
0.0208546	300
0.0176294	300
0.0146559	300
0.0139214	300
0.00769781	300
0.00798638	300
0.00798729	300
0.174873	300
0.17687	300
0.17275	300
0.171888	300
0.183218	300
-0.0661734	300
-0.0641893	300
-0.070013	300
-0.072345	300
-0.0636658	300
-0.0700946	300
-0.0735015	300
-0.0732705	300
-0.0566789	300
-0.0701906	300
-0.0630519	300
-0.0309141	300.032
-0.0245978	300.042
-0.0230728	300.131
-0.0282618	300.058
-0.0193878	300.624
-0.019893	300.619
0.00874226	306.055
0.00712433	307.301
0.00641255	306.415
0.0113187	300.186
0.0154013	300.434
0.00566113	300.017
0.00643002	300.054
0.00668372	307.355
0.00582168	306.918
0.193892	300
0.199094	300
0.195042	300
0.199464	300
0.20185	300
0.203166	300
0.190761	300
0.193516	300
0.193502	300
0.193487	300
0.201793	300
0.193525	300
0.163086	300
0.155306	300
0.157446	300
0.151313	300
0.157978	300
-0.0858859	300
-0.0825357	300
-0.0830659	300
-0.0830356	300
-0.0788107	300
-0.0765682	300
-0.0737117	300
-0.0819554	300
-0.0898625	300
-0.0872997	300
-0.0828307	300
-0.0855092	300
-0.0818388	300
-0.09	300
-0.09	300
-0.0787559	300
-0.0895056	300
-0.09	300
-0.09	300
-0.0724999	300
-0.0689547	300
-0.072716	300
-0.0659893	300
-0.0716951	300
-0.0800114	300
-0.0805539	300
-0.0652359	300
-0.0646195	300
-0.0772132	300
-0.080531	300
-0.0798691	300
-0.0786266	300
-0.0682842	300
0.0865377	300
0.0826708	300
0.0834075	300
0.0889313	300
0.086975	300
0.0750598	300
0.0750722	300
0.0841366	300
0.0755602	300
0.0750246	300
0.0750055	300
0.0750354	300
0.0750486	300
0.190283	300.166
0.1937	300.188
0.192893	300.08
0.184162	300.01
0.1842	300.186
0.187033	300.021
0.195577	300.116
0.190151	300.007
0.193471	300.058
-0.0129384	304.417
-0.0120185	305.736
-0.00816144	312.268
-0.00901491	311.088
-0.000594672	337.863
-0.00846171	313.02
-0.00818704	313.387
-0.0179432	302.51
0.199624	313.981
0.192087	314.643
0.194367	312.129
0.189749	317.153
0.193237	316.398
0.201981	317.934
0.201173	317.989
0.183268	310.881
0.186369	311.231
0.186016	313.17
0.183097	312.133
0.190718	317.982
0.181514	317.54
0.178486	318.026
0.187803	318.009
0.195709	300
0.195608	300
0.192161	300
0.194736	300
0.21	300
0.208786	300
0.209429	300
0.21	300
0.201791	300
0.201741	300
0.202881	300
0.209556	300
0.195576	300
0.2006	300
0.206635	300
0.204173	300
0.21	300
0.21	300
0.207685	300
-0.0584078	300
-0.0591782	300
-0.0607605	300
-0.0562003	300
-0.0573378	300
-0.0100753	310.756
-0.00801416	314.044
-0.00739656	315.442
-0.00795373	314.146
0	340.083
-0.00051687	338.098
-0.000839889	337.427
-0.00650642	318.828
0	340.084
0.0387485	317.558
0.044766	308.938
0.0442822	309.258
0.0384161	317.495
0.0407371	316.188
0.0455577	308.858
0.0384741	318.552
0.0454206	308.165
-0.0830095	300
-0.0829545	300
-0.0768092	300
-0.0814795	300
-0.0884502	300
-0.089453	300
-0.09	300
-0.0858104	300
-0.09	300
-0.0862702	300
-0.0829774	300
-0.09	300
0.21	300
0.03	340.067
-0.0585612	300
-0.0613592	300
-0.0602723	300
0.205921	300
0.21	300
0.21	300
0.205228	300
0.21	300
0.201306	300
0.199854	300
0.202341	300
0.0372792	335.238
0.03	340.089
0.03	340.091
-0.0826244	300
-0.09	300
-0.0798535	300
-0.0871216	300
-0.09	300
0.03	340.057
0.0306061	338.975
0.03	340.061
0.04	340.034
0.0390296	331.574
0.03	340.091
0.03	340.089
0.0339283	336.284
-0.0878691	300
-0.09	300
-0.09	300
0.0319304	339.229
0.03	340.065
0.03	340.081
0.0377284	339.094
0.04	340.038
0.041531	337.303
0.04	340.037
0.045	340.027
0.174221	300
0.172639	300
0.178561	300
0.03	340.037
0.0304748	338.441
0.0355211	321.339
0.03	340.05
0.195125	300
0.193605	300
0.190655	300
0.200439	300
0.195991	300
0.0332501	338.556
0.03	340.085
0.0377313	338.7
-0.0843254	300
0.195548	300
-0.0783108	300
-0.0751247	300
-0.0804389	300
-0.0781556	300
-0.0798364	300
0.03	340.055
0.20352	300
0.201244	300
0.21	300
0.21	300
0.204736	300
0.203917	300
0.204468	300
0.0375649	326.888
0.0334361	333.788
0.03	340.064
0.0387019	324.556
0.0388634	330.168
0.04	340.033
-0.09	300
-0.0831642	300
-0.09	300
-0.0832987	300
-0.09	300
-0.09	300
-0.09	300
-0.0820289	300
-0.09	300
-0.0821255	300
0.0989224	300
0.0936055	300
0.0962794	300
0.21	300
0.06	340.002
0.06	339.998
0.207142	300.246
0.21	300.18
0.21	300.895
0	340.074
0	340.075
-0.000768812	337.484
-0.09	300
-0.09	300
-0.09	300
-0.09	300
-0.0891975	300
-0.09	300
-0.09	300
-0.09	300
0.21	300
0.207016	300
0.21	300
0.21	300
-0.09	300
-0.0844748	300
-0.09	300
0.00580446	321.73
0	340.036
0.0090379	340.042
-0.09	300
-0.09	300
-0.0829119	300
-0.09	300
-0.0828514	300
-0.09	300
-0.0833968	300
-0.09	300
-0.09	300
-0.0862739	300
-0.0846982	300
-0.09	300
-0.09	300
-0.09	300
-0.0824447	300
-0.0832366	300
-0.09	300
-0.09	300
-0.0830271	300
-0.0829021	300
0	340.059
-0.00565107	318.632
0	340.055
-0.0853932	300
-0.09	300
-0.09	300
-0.0861497	300
-0.09	300
-0.09	300
-0.09	300
-0.0839885	300
-0.0829636	300
-0.0840539	300
-0.0831118	300
-0.0857126	300
-0.09	300
-0.09	300
-0.0857911	300
-0.09	300
-0.0822074	300
-0.0825152	300
-0.0865761	300
-0.09	300
-0.09	300
-0.085416	300
-0.0825563	300
-0.0829067	300
-0.0828496	300
-0.0825017	300
0.00439412	306.774
-0.0813972	300
-0.0881957	300
-0.0816705	300
-0.09	300
-0.0822214	300
-0.0825865	300
-0.0825117	300
-0.09	300
-0.09	300
0.21	300
0.21	300
0.20754	300
0.21	300
0.208619	300
0.21	300
0.21	300
0.21	300
0.209298	300
0.21	300
0.21	300
0.209194	300
0.202989	300
0.201902	300
0.202658	300
0.20497	300
0.21	300
0.21	300
0.206693	300
0.208027	300
0.21	300
0.203159	300
-0.09	300
-0.0875315	300
-0.09	300
-0.0849772	300
-0.09	300
-0.09	300
-0.0837496	300
-0.09	300
-0.0827866	300
-0.0827409	300
-0.09	300
-0.0866282	300
-0.09	300
-0.086358	300
-0.09	300
-0.09	300
-0.09	300
-0.0841244	300
0	340.051
-0.00303351	328.707
0	340.053
0	340.05
-0.00434264	321.43
-0.0827064	300
-0.0883643	300
-0.0832259	300
0	340.074
-0.00314759	329.366
0	340.066
-0.00641161	317.356
-0.0820394	300
-0.00464062	324.455
0	340.083
0	340.083
-0.00818704	311.07
-0.0073374	314.563
-0.00753509	314.576
-0.000754765	337.401
-0.00764843	314.815
0	340.079
-0.00583515	320.934
-0.00802563	314.422
0.202506	300.007
0.20653	300.002
0.21	300.002
0.21	300.019
0.21	301.667
0.21	302.522
0.21	306.893
0.0703694	300
0.0764326	300
0.0721976	300
0.0872193	300
0.0846224	300
0.0821235	300
0.0812838	300
0.0829584	300
0.0780071	300
-0.09	300
-0.0894322	300
-0.09	300
0.032692	300
0.029493	300
0.0263945	300
-0.00784097	300
-0.00234708	300
-0.00547899	300
0.0209621	340.044
0.0247412	321.387
0.03	340.039
0.0378603	300
0.0357046	300
0.0303979	300
-0.09	300
-0.0872547	300
-0.09	300
-0.09	300
-0.09	300
-0.0870327	300
-0.09	300
-0.0852573	300
0.0290171	300
0.0143478	300
0.0103493	300
0.00939148	300
0.00202467	300
0.00744573	300
0.00921391	300
0.0175178	311.284
0.0162739	340.043
0.0164201	311.523
0.0168972	308.14
0.0107923	340.042
-0.00834122	310.601
-0.0830873	300
0.21	300
0.208141	300
0.21	300
0.21	300
0.20494	300
0.21	300
0.21	300
0.21	300.002
0.204625	300
0.21	300
0.21	300
0.21	300
0.20798	300
0.205003	301.286
0.206148	302.716
0.21	303.552
0.21	300.872
0.20259	301.66
0.201958	301.713
0.21	317.137
0.202401	317.946
0.209561	303.679
0.21	303.983
0.21	300.062
0.21	300.043
0.206601	300.04
0.21	300.003
0.204791	300.009
0.201545	300.012
0.06	340.004
0.06	340.004
0.21	300
0.207236	300
0.202503	300
-0.09	300
-0.0893928	300
-0.09	300
-0.0819759	300
-0.08197	300
-0.0822054	300
-0.09	300
-0.0826829	300
-0.09	300
0.0297535	300
0.0327807	300
0.0276154	300
0.0227956	300
0.0271113	300
0.0119957	300
-0.00634897	300
-0.00256356	300
-0.00746467	300
0.0678053	300
0.0695744	300
0.0674593	300
0.0632552	300
0.0567947	300
0.0580907	300
0.0590567	300
0.0658513	300
0.0608003	300
0.21	300
0.203287	300
0.21	300
0.21	300
0.21	300
0.138306	300
0.138798	300
0.139116	300
0.087308	300
0.0821397	300
0.0844379	300
0	340.062
0	340.06
-0.00290639	330.369
-0.00809187	312.542
-0.00832583	311.921
-0.00316053	329.001
0	340.064
-0.00558847	320.507
0	340.083
0	340.083
-0.000805743	337.542
-0.0818493	300
-0.09	300
-0.0898604	300
-0.09	300
-0.0887657	300
-0.09	300
-0.09	300
-0.0824989	300
-0.00748971	308.792
-0.0082439	309.26
-0.09	300
-0.0891594	300
-0.0823062	300
-0.00855472	310.71
-0.0075267	313.46
-0.09	300
-0.0827884	300
-0.09	300
-0.0869576	300
-0.09	300
-0.09	300
-0.0859637	300
-0.09	300
-0.09	300
-0.09	300
-0.0873534	300
-0.0862851	300
-0.09	300
-0.0827835	300
-0.0823143	300
-0.09	300
-0.00200218	331.429
0	340.035
0	340.049
-0.0821182	300
0.037563	318.913
0.03	340.061
0.03	340.057
0.0372297	319.401
0.0373247	319.129
0.21	300
0.21	300
0.20841	300
0.205037	300
-0.0706554	300
-0.0686292	300
-0.0643769	300
-0.075129	300
-0.0658358	300
-0.0623069	300
-0.09	300
-0.09	300
-0.0870712	300
-0.084433	300
-0.0822557	300
-0.09	300
-0.0836402	300
-0.0822833	300
-0.09	300
0.203857	300
0.20152	300
0.196956	300
0.193971	300
-0.0695678	300
-0.0698956	300
-0.0688638	300
-0.0702607	300
-0.0714902	300
0.038248	324.076
0.126205	300
0.122564	300
0.127465	300
0.03395	327.041
0.03	340.05
0.0379314	312.848
0.03	340.05
0.0301743	339.541
0.0376746	314.995
0.0379915	316.049
0.0374851	313.487
0.181359	300
0.180486	300
0.17758	300
0.184377	300
0.167062	300
0.169787	300
0.167337	300
0.167749	300
0.171005	300
0.163942	300
0.0430469	335.121
0.0412093	334.635
0.0410051	337.937
0.045	340.028
-0.0183061	300
-0.0192553	300
-0.0191158	300
-0.0201156	300
-0.0819513	300
-0.0854099	300
-0.0878664	300
-0.09	300
-0.09	300
-0.081834	300
-0.0817583	300
-0.0834947	300
-0.09	300
-0.0816865	300
0.03	340.087
0.0303709	339.75
0.03	340.087
0.032922	337.436
0.0330973	337.032
0.03	340.092
0.03	340.092
0.0379477	332.315
0.0352595	334.896
0.03	340.092
-0.09	300
0.0482408	330.925
0.045	340.024
0.05	340.012
0.04421	327.818
0.0417012	323.618
0.0462537	321.361
-0.0728462	300
-0.0758219	300
-0.077805	300
-0.0777408	300
0.0377239	334.669
0.0381234	334.654
0.0358069	335.547
0.0371196	334.363
0.0332275	337.564
0.03	340.087
0.03	340.087
0.198844	300
0.197057	300
0.19149	300
0.05	340.011
0.0526036	324.365
0.190329	300
0.189896	300
0.193815	300
0.204192	300
0.204497	300
0.21	300
0.201972	300
0.21	300
0.0375225	318.599
-0.09	300
-0.0863437	300
-0.09	300
0.171228	300
0.173808	300
0.170374	300
0.164446	300
-0.0459123	300
-0.0439418	300
-0.0477494	300
-0.0431998	300
-0.0388582	300
-0.0526393	300
-0.0492589	300
-0.0477789	300
0.137593	300
0.148122	300
0.140708	300
0.21	300
0.203054	300
0.21	300
0.21	300
0.21	300
0.209402	300
0.21	300
0.21	300
0.031887	339.177
0.0375636	338.087
0.0405313	336.822
0.0411336	337.255
0.0381756	334.922
0.03	340.085
-0.0886807	300
-0.09	300
-0.09	300
-0.09	300
0.208603	300
0.202644	300
0.21	300
0.21	300
0.21	300
0.21	300
0.21	300
0.209998	300
0.202648	300
0.202911	300
0.156169	300
0.15545	300
0.158858	300
0.151806	300
0.149076	300
0.155251	300
0.148566	300
0.155715	300
0.155467	300
-0.0447751	300
-0.0545233	300
-0.0553885	300
-0.0366814	300
-0.0351602	300
-0.0290764	300
-0.0288306	300
-0.028566	300
0.18308	300
0.184966	300
0.187364	300
0.180195	300
0.188864	300
0.180088	300
0.16318	300
0.167534	300
0.161639	300
0.160923	300
0.158149	300
0.21	300
0.20882	300
0.21	300
0.21	300
0.21	300
0.206191	300
0.21	300
0.0375378	318.491
0.0469862	327.415
0.045	340.022
0.0443834	324.9
0.044536	321.52
0.0537474	316.314
0.0466893	320.267
0.0378073	335.716
0.0321124	338.572
0.0381193	334.741
0.0316773	339.155
0.0375141	333.592
0.21	300
0.21	300
0.209887	300
0.21	300
0.21	300
0.21	300
0.204679	300
0.203994	300
0.21	300
0.20629	300
0.202493	300
0.202086	300
-0.0663144	300
0.0495562	319.623
0.0523865	330.883
0.0556268	316.433
0.0377158	333.393
0.0365893	335.389
0.0335373	337.419
0.0303984	339.787
0.03	340.087
-0.09	300
-0.09	300
-0.0842303	300
-0.09	300
-0.0276685	300
-0.0309141	300
-0.0234438	300
-0.0501563	300
-0.0538076	300
-0.0503737	300
-0.0444461	300
0.201505	300
0.205977	300
0.21	300
0.21	300
0.0301484	339.672
0.03	340.061
0.102371	300
0.105402	300
0.103395	300
0.0972044	300
0.105099	300
0.108004	300
0.114696	300
0.118614	300
0.117515	300
0.123653	300
0.129742	300
0.129645	300
0.133162	300
0.13949	300
0.208886	300
0.202328	300
0.0374703	315.489
0.0367335	317.92
0.0373198	316.127
0.0364974	318.697
0.03	340.052
-0.09	300
-0.09	300
-0.0878971	300
-0.09	300
-0.09	300
-0.0875999	300
-0.0849619	300
-0.083047	300
-0.0826671	300
-0.0831199	300
-0.09	300
-0.0831793	300
-0.0826178	300
-0.0824264	300
-0.0827754	300
-0.00860694	310.371
-0.0817874	300
-0.0893574	300
-0.00717832	309.117
-0.0831617	300
-0.0814578	300
-0.0868832	300
0	340.079
-0.00590538	320.914
-0.00723407	316.729
-0.00821711	313.354
-0.00805861	313.892
-0.00799004	314.111
0	340.075
0	340.074
-0.00809529	313.769
0.0569163	300
0.0533663	300
0.0496306	300
0.112719	300
0.114114	300
0.114626	300
0.117975	300
0.110609	300
0.122347	300
0.105652	300
0.113234	300
0.139635	300
0.140116	300
0.146879	300
0.150914	300
0.143815	300
0.132701	300
0.134517	300
0.127841	300
0.132223	300
0.130483	300
0.131514	300
0.21	300
0.207807	300
0.21	300
0.206929	300
0.203431	300
0.21	300
0.203014	300
0.0749518	300
0.074792	300
0.0741008	300
0.0762757	300
0.0745577	300
0.000822523	300
0.00248466	300
-0.00305953	300
-0.0175928	300
-0.014861	300
-0.00964485	300
-0.0120231	300
-0.028122	300
-0.0132448	300
-0.0139362	300
-0.09	300
-0.0871803	300
-0.09	300
-0.0820947	300
0.209581	300
0.21	300
0.21	300
0.21	300
0.202357	300
0.202258	300
0.21	300
0.202459	300
0.202626	300
0.21	300
0.205952	300
0.0669526	319.235
0.207792	300.126
0.21	300.485
0.201902	301.503
0.206648	304.771
0.202519	305.846
0.203076	306.118
0.202423	306.523
0.206979	307.95
0.21	309.054
0.204615	315.428
0.205475	314.06
0.21	314.657
0.21	312.662
0.209434	307.519
0.21	307.071
0.202358	312.464
0.202099	317.947
0.202875	312.637
0.207515	310.625
0.21	309.647
0.203002	313.509
0.201658	300.094
0.201748	300.233
0.208023	300.583
0.21	300.657
0.21	300
0.21	300
0.204332	300
0.205306	300
0.21	300
0.202136	300
0.21	300
0.207994	300
0.21	300
0.201858	300
0.20624	300
0.203232	300
0.205412	300
0.21	300
0.208996	300
0.21	300
0.21	300
0.205623	300
0.00722842	310.73
0.00643138	308.947
0.0145633	300
0.0210776	300
0.0181207	300
0.020079	300
0.0189911	300
0.0176614	300
-0.0832381	300
-0.0827893	300
-0.0852083	300
-0.09	300
-0.0831633	300
-0.0857484	300
-0.0830408	300
-0.0829929	300
-0.087881	300
-0.09	300
0.00147178	300
-0.00344523	300
0.00389722	300
-0.00588546	300
0.0522953	300
0.0525407	300
0.0567448	300
0.0609433	300
0.055015	300
0.0504256	300
0.0911117	300
0.0923846	300
0.092889	300
0.0722579	300
0.0671031	319.337
0.209663	300.002
0.21	300.002
-0.00694189	316.474
-0.000544636	338.18
-0.00749487	315.4
-0.0077238	314.648
-0.09	300
-0.0877006	300
-0.09	300
-0.09	300
-0.0831419	300
-0.0873923	300
-0.00767173	307.268
-0.0827555	300
-0.0834874	300
-0.088071	300
-0.0830667	300
-0.0864018	300
-0.09	300
-0.09	300
0.202276	300
0.21	300
0.21	300
0.204399	300
0.201299	300
-0.0328429	300
-0.0821883	300
0.0162436	315.168
0.0137261	340.042
0.0192077	340.042
0.0137758	314.691
0.0151509	307.784
0.00727369	307.3
-0.0827135	300
-0.0828022	300
-0.0831861	300
-0.0895263	300
-0.09	300
-0.09	300
-0.00295169	328.438
-0.00544743	318.621
-0.0076328	310.367
-0.00740133	311.709
0	340.049
0	340.052
-0.00738537	312.162
-0.00747064	309.693
-0.0835828	300
-0.0835849	300
0.20277	300
-0.0829613	300
0.21	300
0.21	300
0.202549	300
0.206333	300
0.202666	300
0.21	300
0.21	300.001
0.20297	300
0.048957	300
0.0435674	300
0.046797	300
0.0461539	300
-0.00775196	314.973
-0.049368	300
-0.0507776	300
-0.0814094	300
-0.0816249	300
-0.0884884	300
-0.0816977	300
-0.09	300
0.209897	300
0.202472	300
0.202097	300
0.21	300
0.21	300
0.206844	300
0.21	300
0.204415	300
0.202061	300
0.202357	300
-0.0834286	300
-0.0827595	300
-0.0856803	300
-0.09	300
-0.09	300
0.182599	300
0.172588	300
-0.0284393	300
0.140671	300
0.140893	300
-0.0822918	300
-0.0867234	300
-0.0822186	300
-0.0831281	300
-0.0890893	300
-0.09	300
-0.085689	300
0.20245	300
0.202123	300
0.207942	300
-0.0556723	300
-0.0580392	300
-0.0582355	300
-0.05919	300
-0.0601953	300
0.181783	300
0.186362	300
0.188689	300
-0.0813871	300
-0.0108479	307.184
-0.0776967	300
-0.0816757	300
-0.0822016	300
-0.0823019	300
0.194923	300
0.195814	300
-0.0812678	300
-0.0778021	300
-0.0792163	300
-0.0124792	303.953
-0.08271	300
-0.0870161	300
-0.09	300
-0.0120638	307.451
-0.0834158	300
-0.0808146	300
-0.0809832	300
-0.0819396	300
-0.09	300
-0.00667917	318.327
-0.00909725	312.212
-0.0865933	300
-0.0824548	300
-0.09	300
-0.09	300
-0.0836491	300
-0.0822635	300
-0.0858446	300
0	340.083
-0.00290311	330.225
-0.00511206	323.256
-0.00582576	320.76
0.201979	300.353
0.207609	301.419
0.0839323	300
0.0918952	300
0.0820792	300
0.0773603	300
0.0327914	306.254
0.0357142	311.216
0.0376319	307.997
0.0265948	307.887
0.0177528	308.149
0	340.062
-0.00181624	332.574
0	340.061
-0.00727685	313.378
-0.00631028	316.161
-0.006822	313.775
0.201659	300
0.199418	300
0.20285	300
0.202527	300
0.206525	300
0.200252	300.006
0.200121	300.001
0.201969	300.002
0.203773	300.001
0.0291093	300
0.0640301	300
0.073883	300
0.205734	300
0.200835	300
0.199934	300
0.200359	300
0.201458	300
0.0905066	300
0.0943421	300
-0.0100975	309.718
-0.0814353	300
-0.0859447	300
-0.0818245	300
-0.0810338	300
-0.0761201	300
-0.0823678	300
-0.0810028	300
-0.0810345	300
-0.0884133	300
-0.09	300
-0.0880569	300
-0.09	300
-0.09	300
-0.0888967	300
-0.0829747	300
-0.0824661	300
-0.0830498	300
-0.0811625	300
-0.0770476	300
-0.0716648	300
0.19396	300
0.187647	300
-0.0757518	300
-0.0798267	300
0.0377186	308.896
0.0311747	336.998
0.0311747	337.008
0.0368459	322.267
0.03	340.056
-0.0316059	300
-0.0287272	300
-0.0327928	300
-0.0381487	300
-0.0861369	300
-0.088502	300
-0.09	300
-0.0830473	300
-0.0843157	300
0.0383516	330.716
0.0387429	329.681
0.038896	329.683
0.0391374	329.814
-0.0804445	300
-0.0770489	300
0.193382	300
0.201816	300
0.196927	300
0.199185	300
0.207473	300
0.21	300
0.21	300
0.203043	300
0.0420963	336.926
0.201619	300
0.206011	300
0.201749	300
0.0523738	335.015
0.0566816	332.362
0.0494837	338.082
0.0440757	336.898
0.0485101	336.617
0.05	340.018
0.195796	300
0.1834	300
0.201627	300
0.196165	300
0.207084	300
0.201392	300
0.0454357	318.921
0.0516515	315.41
0.0412694	319.735
0.195791	300
-0.0733785	300
-0.0684595	300
0.0419879	309.857
0.0431462	306.138
0.0434849	331.409
0.0433497	329.821
0.0507141	333.686
0.0492129	334.24
0.0496901	335.412
0.0471547	334.546
0.0561537	330.891
0.0483565	333.033
0.05	340.016
0.20159	300
0.0403303	310.511
0.119484	300
0.115513	300
0.116964	300
0.108756	300
0.140666	300
-0.0824998	300
-0.082737	300
-0.0824781	300
-0.00791507	311.341
-0.00866599	310.227
-0.00403118	325.745
-0.008174	310.234
0	340.056
0.201487	300
0.20811	300
0.0983307	300
0.111661	300
0.102189	300
0.103685	300
0.158077	300
0.152806	300
0.153969	300
0.150335	300
0.122375	300
0.123386	300
0.201327	300
0.208657	300
0.21	300
0.0073471	300
0.00652086	300
0.00530353	300
0.00722514	300
-0.0813681	300
0.201648	300
0.205993	300
0.21	300
0.21	300
0.202019	300
0.203929	300
0.200839	301.578
0.201659	300
0.201979	300
0.206196	300
0.21	300
0.21	300
0.201192	300
0.201504	300
0.202271	300
0.202535	300
0.199477	300
0.207406	300
0.0134697	300
0.0130334	300
0.0131254	300
-0.01577	300
-0.0153177	300
-0.0151298	300
-0.0150961	300
-0.0149359	300
-0.0151814	300
0.0453243	300
0.043769	300
0.0441701	300
0.0437243	300
0.0428422	300
0.0386281	300
0.0643311	300
0.0689013	300
0.0630245	300
0.0619845	300
-0.0807341	300
-0.0850094	300
-0.0807973	300
-0.09	300
-0.0842884	300
-0.0809714	300
0.201688	315.285
0.201366	300.004
0.201543	300.003
0.201763	300.019
0.203348	300.037
0.202263	300.04
0.204994	300.079
0.21	300.115
0.202232	300.068
-0.0876317	300
-0.0820277	300
-0.09	300
-0.0884173	300
0.202703	300
0.206684	300
0.202789	300
-0.0793648	300
0.0153831	306.701
0.0183599	307.344
0.0227711	316.213
0.0247807	306.702
-0.0806972	300
-0.0832911	300
-0.0793592	300
-0.0813658	300
-0.0877131	300
0.038985	300
0.0384461	300
0.040486	300
0.0376068	300
0.0365625	300
0.0387162	300
0.20272	300
0.201738	300
0.201721	300
-0.0264427	300
-0.0281802	300
-0.0178618	300
-0.0146979	300
-0.0247106	300
-0.0241401	300
-0.0181339	300
0.194292	300
0.0376914	300
0.0313125	300
-0.0746818	300
-0.0793547	300
0.0362428	305.499
0.0310904	305.246
0.022933	303.919
0.0200551	300.583
-0.0155416	301.971
-0.0165884	301.412
-0.017397	300.622
-0.07467	300
-0.0745674	300
-0.0788049	300
-0.0787664	300
0.0111093	300.52
0.010923	303.35
0.00784978	300.525
0.00721105	301.611
0.19874	300
0.193697	300
0.194908	300
0.194419	300
0.194618	300
-0.0786821	300
-0.0825386	300
-0.075819	300
-0.0814838	300
-0.0795835	300
-0.0800714	300
-0.0778045	300
-0.0735845	300
-0.0734925	300
0.200388	300.005
0.196708	300.274
0.199233	300.099
0.195054	300.179
0.193808	300.149
0.193857	300.206
0.198695	309.818
0.200794	300.003
0.201987	313.131
-0.0773544	300
-0.0784382	300
0.0428325	300
0.0379896	300
-0.00777197	300
-0.0151703	300
0.0131075	300
0.0127786	300
0.00244359	300
0.00197757	300
0.19801	300
0.200186	300
0.197615	300
0.199608	300
0.19796	300
0.201108	300
0.193604	300
0.199857	300
0.195188	300
0.198116	300
0.200604	302.194
0.200959	305.834
0.201877	300
0.199693	300
0.20043	300
-0.0141728	305.106
-0.00890335	312.406
0.114039	300
0.121298	300
0.0580357	300
0.0612308	300
-0.0801426	300
-0.0868739	300
-0.0137714	304.134
-0.0819548	300
-0.0746543	300
-0.0759102	300
-0.0763402	300
-0.0756348	300
-0.0756302	300
-0.0790866	300
-0.0753088	300
-0.073539	300
0.124049	300
0.0385594	314.833
0.0460389	306.53
0.0412878	308.433
0.0461423	318.288
0.195164	300
0.194006	300
0.0463049	330.125
0.0410368	333.78
0.0434368	333.714
0.0488863	335.411
0.0513361	333.263
0.0475758	334.792
0.044053	335.013
0.0453046	333.434
-0.0497141	300
0.0472655	328.538
0.0445428	327.999
0.0453641	327.714
0.0485305	326.946
0.0634855	310.742
0.0642833	310.297
0.0644074	311.246
-0.0610652	300
-0.0620133	300
-0.0611948	300
-0.0630088	300
0.196384	300
0.19154	300
0.0456624	332.708
0.0453469	333.049
0.0389621	334.572
0.046355	311.393
0.0379143	318.227
0.0691974	310.476
0.194665	300
0.19166	300
0.192334	300
0.184434	300
0.194685	300
0.2024	300
0.196451	300
0.195628	300
0.194414	300
-0.0815702	300
-0.0789788	300
-0.0783615	300
0.0444271	332.849
0.0426146	333.13
0.0442533	332.672
-0.0758348	300
-0.0750093	300
-0.0732729	300
-0.0789617	300
-0.0767421	300
-0.0764004	300
-0.0763194	300
-0.0455372	300
-0.040343	300
-0.040361	300
-0.0368316	300
-0.0395122	300
0.168606	300
0.17325	300
0.170776	300
0.159885	300
0.159668	300
0.159595	300
0.154991	300
0.159779	300
0.159721	300
0.15973	300
-0.0886499	300
-0.0821841	300
0.193278	300
-0.0737206	300
-0.0754203	300
-0.0737924	300
-0.0816445	300
-0.0738851	300
-0.0096607	310.583
-0.0160973	301.592
-0.0815349	300
-0.0817027	300
-0.0747386	300
-0.0737953	300
0.198366	300
0.199153	300
0.197761	300.001
0.194832	300
0.209492	300.002
0.201975	300
0.194693	300
0.193503	300
0.193668	300
-0.0823546	300
-0.0744677	300
-0.0159752	301.208
-0.00853637	310.491
-0.0147828	302.254
-0.0084195	310.464
-0.0093857	309.09
-0.0116594	305.618
0.0296027	303.914
0.0378362	304.895
0.0433601	304.65
0.0921107	300
0.0859728	300
0.10396	300
0.0929039	300
0.194838	306.482
0.194332	301.065
-0.0115589	309.315
-0.0141097	304.66
-0.0158061	302.103
-0.0122111	307.751
-0.0131215	306.854
-0.0144025	305.187
-0.0160743	302.575
-0.0156645	303.221
-0.0161134	302.641
-0.0151337	303.105
-0.0134324	305.34
-0.0142265	305.113
-0.0163355	302.093
-0.0745044	300
-0.00972991	308.818
-0.0160376	301.751
-0.00852218	306.765
-0.00976493	302.435
-0.082792	300
-0.0748931	300
-0.0789231	300
0.193752	300
0.194239	300
-0.0810195	300
-0.0747525	300
-0.0767693	300
-0.0780846	300
0.00712071	300.523
-0.078797	300
-0.0758606	300
-0.0747446	300
-0.00478212	302.947
-0.000524564	304.447
-0.00323291	302.577
-0.0103914	301.185
-0.0740197	300
-0.0810274	300
-0.0782795	300
-0.0738681	300
0.00719722	300.476
-0.0145155	300
-0.0792284	300
-0.0718874	300
-0.0733621	300
-0.0732081	300
-0.0734561	300
-0.0792451	300
-0.0766725	300
-0.0738883	300
-0.073425	300
-0.0739501	300
-0.0729281	300
-0.0732237	300
-0.0127886	301.684
-0.0159227	300.468
-0.00870077	307.56
-0.0201969	301.023
-0.0166333	301.784
-0.0173862	301.133
-0.0182598	300.906
-0.0156795	302.606
-0.0818062	300
-0.0753648	300
-0.0816242	300
-0.0177057	301.674
-0.01591	304.005
-0.0172909	301.67
-0.0668789	300
-0.0160631	302.643
0.193166	303.069
0.104989	300
0.0995403	300
0.0265572	300
0.013759	300
0.0131667	300
0.0337769	300.864
0.037226	303.905
0.0300462	300.634
0.0464032	303.877
0.0183286	300.451
0.0170668	306.768
0.0209211	303.548
-0.0124097	302.366
-0.0118335	301.033
-0.00430469	302.769
0.194192	300
0.198751	300
0.198259	300
0.199508	300
0.20014	300
0.193426	300.006
0.193727	300.001
0.198864	300.001
0.194388	303.964
0.191203	300.001
0.189783	300.001
0.198019	300.001
0.197529	300
0.197262	300
0.191255	300
0.19633	300
0.191059	300
-0.0811122	300
-0.0740928	300
-0.067137	300
0.145545	300
0.126006	300
0.132083	300
-0.0197564	300.624
-0.0163205	300.971
-0.0164725	300.997
-0.0127035	305.554
-0.0108601	309.135
-0.0165364	301.261
-0.0170799	301.67
-0.0164659	302.179
-0.0710094	300
-0.0719917	300
-0.0723839	300
0.200732	300
0.198832	300
0.194063	300
0.187263	300
0.18824	300
-0.0727668	300
-0.079547	300
-0.0761833	300
-0.0761428	300
-0.0723139	300
-0.0733051	300
-0.0766157	300
0.0491396	328.142
0.0492617	328.074
0.0492378	328.149
0.0489308	328.294
0.0490677	328.32
-0.0824753	300
-0.0747442	300
-0.0743416	300
-0.0746995	300
-0.0757803	300
-0.0743985	300
-0.0736676	300
0.0549132	309.462
0.051358	312.287
0.0346484	303.17
0.0751139	309.01
-0.073876	300
-0.0819125	300
-0.0764821	300
0.184842	300
0.181107	300
0.192321	300
0.194071	300
0.192878	300
0.193447	300
0.199956	300
0.0532161	329.999
0.0538257	329.753
0.0469585	332.694
0.0501238	333.357
-0.07232	300
-0.0757365	300
-0.0753001	300
0.19296	300
0.193557	300
0.19496	300
0.197199	300
0.195274	300
0.197563	300
0.195162	300
0.193419	300
0.171506	300
0.181867	300
0.175626	300
0.192721	300
0.191574	300
0.194446	300
0.193713	300
0.0563088	314.411
0.198574	300
0.194411	300
0.199916	300
0.193443	300
0.194473	300
-0.0616763	300
-0.0717707	300
-0.0596782	300
-0.0499649	300
-0.0568543	300
-0.0437553	300
-0.0452133	300
0.0561256	327.35
0.0560984	327.336
0.0560197	327.479
0.0561449	327.358
0.0498827	333.792
0.0540695	329.701
0.0548454	330.577
0.0569331	330.171
0.0587963	327.714
0.0669287	320.799
0.0664736	321.185
0.0663636	321.514
0.0648082	323.342
0.0651848	322.425
0.0469311	308.93
0.0445884	309.955
0.0465607	307.509
0.117818	300
0.124406	300
0.130604	300
0.129673	300
0.126229	300
0.132073	300
0.0619153	325.558
0.0620125	325.479
-0.0746837	300
-0.0739236	300
-0.0733964	300
-0.0815902	300
-0.0754855	300
-0.0784492	300
-0.0754447	300
-0.0733721	300
-0.0750687	300
0.0634794	300
0.0475196	300
0.0470664	300
0.0413372	300
0.0556597	300
0.0541682	300
0.0963976	300
0.115779	300
0.196444	300
0.19258	300
0.000337785	300
0.00381793	300
0.000751238	300
0.000500105	300
0.193179	306.651
0.192301	309.999
0.195568	309.008
-0.0736926	300
-0.0724075	300
-0.0719787	300
-0.0769139	300
-0.0710061	300
-0.0711089	300
-0.0711911	300
-0.0708256	300
0.188096	300
0.195446	300
-0.00543294	300
-0.0259943	300
-0.0274924	300
-0.0164184	300
0.0450234	300
0.0716409	300
0.0760201	300
-0.0810692	300
-0.0727885	300
0.196816	317.583
0.188354	318.091
0.195439	316.187
0.191918	314.035
0.190567	316.095
0.191783	315.045
0.191954	300
0.192511	300.001
-0.0818841	300
-0.0744231	300
-0.0745726	300
-0.0743939	300
-0.0743893	300
-0.0745635	300
0.201865	300
0.198395	300
0.192658	300
0.198016	300
0.0410729	304.911
0.022225	300.41
-0.017622	300.446
-0.014325	300.64
-0.0812366	300
-0.0724798	300
-0.0769999	300
-0.0747219	300
-0.0748653	300
-0.0763281	300
0.031746	300
-0.0348689	300
-0.0391398	300
-0.036036	300
-0.0311284	300
-0.0346082	300
0.193379	300
0.201212	300
0.152222	300
0.147187	300
0.201805	300
0.196848	300
0.193114	300
0.19293	300
0.193219	300
0.1938	300
0.193044	300
-0.046358	300
-0.0523304	300
-0.0465156	300
-0.0287497	300
-0.025892	300
-0.0263393	300
0.0619934	325.454
0.0561581	327.335
0.184252	300
0.182602	300
0.180609	300
0.183919	300
0.176369	300
0.179476	300
-0.0495248	300
-0.0526584	300
0.202073	300
-0.0705358	300
-0.0712803	300
-0.0204211	300.326
-0.0241913	300.06
-0.0814526	300
-0.0752154	300
-0.0747131	300
-0.0821966	300
0.0192839	300.292
-0.0715957	300
-0.0637401	300
-0.0725281	300
-0.0793598	300
-0.0742391	300
-0.0819372	300
0.047121	304.725
0.0476024	302.263
0.0453547	306.447
0.0443049	300.56
0.0420719	301.624
0.187612	300
0.194857	300
0.189665	300
0.191043	300
-0.0709128	300
-0.0634436	300
-0.0679991	300
-0.0703288	300
-0.0619697	300
-0.0648884	300
0.000951687	300
0.185194	309.12
0.187034	300
0.186877	300
0.187413	300
0.115119	300
0.10511	300
0.120937	300
-0.070898	300
-0.0710848	300
-0.0718464	300
-0.0763568	300
-0.0734657	300
-0.0753416	300
0.0564817	300
0.0634542	300
0.0671049	300
0.0701287	300
0.0606555	300
0.0537395	300
0.0531395	300
0.0523606	300
0.0297947	300
0.0370713	300
-0.0259203	300
0.186606	300
0.187872	300
0.190239	300
-0.0619816	300
0.195419	300
0.194078	300
0.195352	300
0.194095	300
0.193446	300
0.194278	300
0.192978	301.897
0.185622	303.324
0.193933	300.005
0.197593	300.01
0.193941	300.016
0.186052	300.005
0.191063	300
0.19016	300
-0.0171578	302.331
0.1913	300
0.188922	300
0.200077	300
0.110193	300
0.105082	300
0.107086	300
0.101663	300
0.0966253	300
0.115668	300
0.0933965	300
0.089594	300
0.0255199	300
0.0355002	300
0.0560152	300
0.0523394	300
-0.0646329	300
-0.0653544	300
-0.0739915	300
-0.0647427	300
-0.0647663	300
-0.0647335	300
-0.0647341	300
-0.0649937	300
-0.0647419	300
-0.0701983	300
0.0745548	310.576
0.0718368	315.632
0.070636	316.877
0.0705464	317.039
0.0638155	310.042
0.0549428	306.523
0.0641444	310.077
0.137087	300
0.142108	300
0.132862	300
0.0523184	302.851
0.050634	304.836
0.0477475	304.224
0.0557461	302.603
0.0638501	323.53
0.18858	300
0.166928	300
0.164864	300
0.192531	300
0.0539695	329.705
0.192777	300
0.193155	300
0.193103	300
0.19728	300
0.193298	300
0.196007	300
0.0493335	328.108
0.04932	328.177
0.0756091	309.477
0.0760805	307.944
0.0717913	313.824
-0.058414	300
0.195104	300
0.201533	300
0.201223	300
0.189617	300
0.199569	300
0.193391	300
0.194095	300
0.197348	300
0.0516832	308.323
0.0541064	313.202
0.0560099	306.736
0.0600695	308.898
0.0691637	310.384
0.0614012	311.156
0.184201	300
-0.0719119	300
0.179756	300
0.181572	300
0.189892	300
0.18007	300
0.172051	300
0.159727	300
0.156077	300
0.148289	300
0.15954	300
0.203661	300
0.21	300
0.20716	300
0.20364	300
0.209075	300
0.192777	300
0.192534	300
-0.0702114	300
-0.0677041	300
-0.066377	300
0.0452616	333.086
0.0465832	332.307
0.0539469	330.492
0.0500824	331.625
0.0539673	329.712
-0.0827587	300
-0.0817976	300
-0.0889302	300
-0.0725453	300
-0.0662048	300
-0.0721554	300
0.0761366	307.8
0.0692524	310.338
0.0759228	307.604
0.0514777	308.562
0.0463726	312.242
0.0418804	319.458
0.0546623	305.651
0.0454222	307.653
0.0469499	310.479
0.0466781	307.525
-0.0708239	300
-0.0682452	300
-0.065093	300
-0.059357	300
-0.0631919	300
-0.0608119	300
-0.0638533	300
-0.0678679	300
-0.06184	300
-0.0661864	300
-0.0677346	300
-0.0650757	300
-0.0657164	300
0.0379478	333.425
0.0424425	333.04
-0.0733121	300
-0.0793661	300
-0.0739673	300
-0.0634795	300
-0.074186	300
-0.0820436	300
-0.0685844	300
-0.0647378	300
-0.0695126	300
-0.0648272	300
-0.0681351	300
-0.0629422	300
-0.072542	300
-0.0633087	300
-0.015971	302.533
-0.0252816	300.336
-0.00814054	315.514
-0.021038	300.653
-0.0202021	300.549
0.00818105	300.508
0.0146195	300.033
0.00977545	300.029
0.13373	300
0.14144	300
0.135046	300
0.140072	300
0.13619	300
-0.0705106	300
-0.0631643	300
-0.0633828	300
0.186336	300.001
0.197384	300.363
0.193955	300.607
0.184846	303.293
0.201165	300.037
0.193905	300.01
0.187928	300
0.193374	300
0.187115	300
0.186035	300
0.184267	300
-0.0239198	300.181
-0.0219662	300.212
-0.0249409	300.025
0.0405723	301.041
0.0170376	300.32
0.0456269	303.06
0.0464466	300.897
0.0406079	303.561
0.187965	302.194
0.192137	300.417
-0.0238981	300.457
-0.0688817	300
-0.0210051	300.604
-0.0258162	300.066
-0.0220247	300.822
-0.0166547	300.846
-0.0163532	300.519
-0.0113144	306.575
-0.0213017	300.126
-0.0683413	300
-0.0717428	300
0.194151	300
0.193779	300
0.192324	300
-0.0669079	300
-0.000200242	300
-0.00566315	300
-0.0125986	300
-0.00888211	300
-0.0105252	300
-0.00375323	300.054
-0.0038656	300.059
-0.00359031	300.298
-0.0832067	300
-0.0775683	300
-0.0734589	300
-0.0681971	300
-0.0732305	300
-0.0696901	300
-0.0704488	300
-0.0124922	301.798
-0.0220707	300.02
-0.0040375	300.054
-0.00541597	302.311
-0.0119905	300.037
-0.00400965	300.054
-0.022656	300.004
-0.0142302	301.63
-0.0166086	300.027
-0.0232735	300.005
-0.0615214	300
-0.066024	300
-0.0653029	300
-0.0643435	300
-0.0706495	300
-0.0713598	300
0.00752662	300
-0.0650266	300
-0.064414	300
0.188073	300
0.19196	300
0.184644	300
0.18489	300
0.184399	300
-0.0642806	300
-0.0659231	300
-0.0633801	300
-0.0648101	300
-0.0639584	300
-0.071386	300
-0.0727843	300
-0.0672437	300
-0.0183858	300.74
-0.0233072	300.108
-0.0238302	300.011
-0.0248744	300.016
-0.0232825	300.077
-0.0247623	300.019
-0.0249199	300.028
-0.0299338	300.027
-0.0171074	302.093
-0.0260074	300.091
-0.0245788	300.15
-0.0659834	300
-0.0695469	300
-0.0658795	300
-0.0706352	300
-0.0653381	300
-0.0197151	300.987
-0.0248862	300.174
-0.0244856	300.208
-0.0256282	300.226
-0.0248917	300.174
-0.0167371	302.463
0.182739	300.721
0.0541416	300
0.0664109	300
0.00766928	300
0.0130967	300
0.0458092	300.26
0.0550561	300.867
0.0520603	301.908
0.051264	300.97
-0.058294	300
0.00768819	300.019
0.0142498	300.01
0.0200257	300.007
0.0311403	300.477
0.0197951	300.315
0.0397978	300.674
0.0435671	300.069
-0.0130802	300.666
-0.0312499	300.01
-0.0260369	300.005
-0.0271618	300.004
0.183929	300
0.189114	300
0.177413	300
0.185793	300
0.17596	300
0.186395	300
0.189076	300.008
0.186365	300
0.186951	300.588
0.184803	303.005
0.176148	300.001
0.176423	300.002
-0.0736432	300
-0.069349	300
-0.0641572	300
-0.0685875	300
-0.064213	300
-0.064858	300
-0.0639895	300
0.124904	300
0.125054	300
0.125424	300
0.125619	300
0.125365	300
0.12645	300
0.137513	300
0.143923	300
0.126482	300
0.106516	300
0.110515	300
0.115385	300
-0.025372	300.07
-0.0312394	300.011
-0.0695627	300
-0.0627836	300
-0.0643458	300
-0.0722599	300
-0.062486	300
-0.0622104	300
-0.0653945	300
-0.0699566	300
-0.0658468	300
-0.0642124	300
-0.0672381	300
-0.0683448	300
-0.0648399	300
-0.0647321	300
-0.063725	300
-0.0651374	300
-0.0630867	300
-0.0651781	300
-0.0634244	300
-0.057561	300
-0.055073	300
-0.0514669	300
-0.0472891	300
0.0485365	304.857
0.0550874	302.984
0.0823018	305.791
0.0784169	306.89
-0.0656129	300
-0.0653713	300
-0.07175	300
-0.0681763	300
0.191289	300
0.182383	300
0.191456	300
0.181731	300
0.186786	300
0.191448	300
0.1935	300
0.184813	300
0.184262	300
0.181118	300
0.192216	300
0.184895	300
0.143321	300
0.145536	300
0.145688	300
0.147969	300
0.172699	300
0.17185	300
0.17462	300
0.171672	300
0.169895	300
0.165362	300
0.178528	300
0.184353	300
0.0686473	303.06
0.066445	303.653
0.0677006	302.996
0.0673239	304.684
0.069025	303.527
0.18508	300
0.185021	300
0.186656	300
0.18598	300
0.189937	300
0.191514	300
0.185295	300
0.186058	300
0.185491	300
0.207025	300
0.201907	300
0.199229	300
0.185596	300
-0.0494297	300
0.0799562	306.369
0.0644553	308.674
0.0603408	304.254
0.0632264	302.148
0.0659608	302.167
0.0647624	302.199
0.0747311	304.838
0.0754864	306.042
0.076779	304.385
0.0837277	303.897
0.0732579	307.969
0.0663439	309.172
-0.0395511	300
-0.0451442	300
0.0540268	329.68
0.0602871	324.922
0.057443	325.375
0.0599222	325.142
0.0665076	321.341
0.067893	320.221
0.182214	300
0.182962	300
0.185301	300
0.182452	300
0.181708	300
0.180702	300
0.191871	300
0.186187	300
0.178733	300
0.129595	300
0.129396	300
0.129158	300
0.0537984	301.301
0.055506	301.486
0.0701435	318.021
0.0708687	317.316
0.069912	318.18
0.0708709	317.114
0.0658549	321.133
0.0565058	327.107
0.0628368	324.727
-0.0721301	300
-0.0646157	300
-0.074161	300
-0.064734	300
0.0750517	300
0.0750249	300
0.0633715	300
0.0431173	300
0.0481636	300
0.0393377	300
0.0405378	300
0.0233745	300
0.0971413	300
0.0973261	300
0.100948	300
0.184684	300
0.185975	300
-0.0249383	300
-0.0155774	300
-0.0205674	300
-0.0195547	300.623
-0.0235972	300.113
-0.0234127	300.11
0.190649	300
0.187425	300
0.183283	300
0.189855	312.96
0.185642	300
0.184987	300
0.186194	300
0.192408	300
0.184639	300
0.185891	300
0.0170455	300
0.0396139	300
0.048646	300
0.0398641	300
0.0300967	300
-0.0664013	300
-0.0656704	300
-0.0660349	300
-0.0656118	300
-0.0649606	300
-0.0665036	300
0.103458	300
0.0924398	300
0.17914	318.063
0.191019	300.002
0.185645	300.003
-0.0546901	300
0.19594	300
0.1943	300
0.19299	300
0.193849	300
0.186386	300
0.0435133	300.325
0.0305272	301.427
0.0286484	300.359
0.0034599	300.024
-0.018727	300.43
-0.026385	300.053
-0.0339745	300.008
-0.0345818	300.002
-0.0178407	300.475
-0.0743794	300
-0.0669354	300
-0.0698304	300
0.187077	300
0.184178	300
0.185347	300
0.178313	300
0.177657	300
0.172143	300
0.183853	300
0.184466	300
-0.0770526	300
-0.0699695	300
-0.0669866	300
-0.0747779	300
-0.0635382	300
-0.0616811	300
-0.063866	300
-0.0559303	300
-0.0348196	300.001
-0.0349896	300.001
-0.0347939	300.001
-0.0358794	300.001
-0.0352044	300.002
0.0381986	300.007
0.0380341	300.012
0.0386238	300.008
0.0377822	300.007
0.0556895	300.301
0.0557835	300.125
0.0564433	300.095
0.185278	300
0.184459	300
0.193428	300
0.188612	300
0.190423	300
-0.0636215	300
-0.0585894	300
-0.0518791	300
-0.0494322	300
0.182496	300.001
0.183835	300
0.182456	300.001
0.182626	300.001
0.182316	300.001
0.181387	300.004
0.182143	300.001
0.181446	311.37
0.177452	317.523
0.1722	310.826
0.176991	317.809
0.173459	316.535
0.123252	300
-0.0678419	300
-0.0667506	300
-0.0647182	300
-0.0656402	300
-0.0643318	300
0.0487751	300
0.0534042	300
0.0260973	300
0.0343855	300
0.0398831	300
0.0488661	300
-0.0246955	300
0.0204741	300
0.173864	300.053
0.17847	300
0.178121	300
0.188408	300
-0.0315177	300.005
-0.0316687	300.002
-0.0316283	300.002
-0.0316848	300.002
-0.0268418	300
-0.0306187	300
-0.0164544	300
-0.0270743	300
0.181985	300
0.179436	300
0.147859	300
0.0776607	300
0.080157	300
0.0815121	300
0.082891	300
0.0280874	300
0.0206283	300
0.0359333	300
0.0325385	300
0.0525708	300
0.0781696	300
-0.0631886	300
-0.064082	300
-0.0618519	300
-0.0558133	300
-0.0700444	300
-0.0743108	300
0.0613534	324.563
0.0650694	301.238
0.0617353	301.275
0.0613468	300.608
0.128931	300
0.129318	300
0.129611	300
0.144228	300
0.176632	300
0.16728	300
0.175242	300
0.182163	300
0.0760404	312.121
0.0709317	317.128
0.0744394	313.849
0.0762839	311.325
0.0545545	329.5
0.065059	325.77
0.0667011	322.914
0.0627054	326.977
0.0508186	326.033
0.0603285	329.165
0.0640835	327.291
0.0645145	326.493
0.0618067	327.833
-0.0385662	300
0.0763901	303.741
0.0848442	301.666
0.081459	301.224
0.0649072	309.612
0.0763789	301.938
0.0730396	303.567
0.070714	302.952
0.0700944	301.692
0.184891	300
0.185158	300
0.188203	300
0.182461	300
0.0709782	302.675
0.0693591	310.252
0.076559	306.95
0.0687083	302.473
0.0566339	304.683
0.0621426	303.521
0.0574071	303.9
0.054524	305.017
0.0570788	303.62
0.0634765	301.619
0.0618123	301.016
0.0611833	300.551
0.158615	300
0.157562	300
0.157514	300
0.149539	300
0.167449	300
0.141224	300
0.14847	300
0.148878	300
0.147169	300
0.182613	300
0.180764	300
0.187983	300
0.185248	300
0.180381	300
-0.0562101	300
-0.0642604	300
0.0836524	304.716
0.0773755	307.069
0.086437	302.146
-0.0540352	300
-0.0579048	300
-0.0644476	300
-0.0650331	300
-0.0548244	300
-0.0571958	300
-0.0320032	300.007
-0.0224726	300.137
-0.03188	300.007
0.0194923	300.023
0.0295342	300.25
0.0246075	300.011
0.023247	300.094
0.0653641	300
0.0544481	300
0.0108041	300
0.0143843	300
-0.0638595	300
-0.061165	300
-0.0612425	300
-0.0640792	300
0.189412	300
0.186017	300
0.187682	300
0.183794	300.332
0.173093	300.083
0.0555482	300.668
0.186615	300
0.179025	300
0.178634	300
0.0408038	300.047
0.0339297	300.468
0.0289156	300.047
0.0334637	300.038
0.0184951	300.002
0.010932	300.009
0.00562009	300.003
-0.0647238	300
0.0516742	300.072
0.0510749	300.512
0.0546699	300.092
0.178881	302.591
0.180338	308.031
0.176502	303.1
0.175191	305.333
-0.0316868	300.011
-0.026678	300.088
-0.0276773	300.081
-0.0329695	300.004
-0.0271161	300.004
-0.0343315	300.002
-0.0664412	300
-0.0654756	300
-0.0666401	300
-0.0753108	300
-0.074686	300
-0.0760448	300
-0.0746444	300
-0.0737232	300
-0.0738728	300
0.176046	300
0.174838	300
-0.0651265	300
-0.0598883	300
-0.0584796	300
-0.0626466	300
-0.0216317	300.002
-0.0222024	300
-0.0238993	300.001
-0.0220545	300
-0.03671	300
-0.010437	300
-0.0104708	300.009
-0.0215697	300
-0.0546052	300
-0.0549691	300
0.169118	300
0.16783	300
0.167377	300
0.176432	300
0.182376	300
0.176561	300
0.177716	300
0.17412	300
0.179078	300
0.176109	300
0.172446	300
0.17217	300
0.174937	300
-0.0317406	300.002
-0.0301906	300.016
-0.0243135	300.004
-0.0338556	300
-0.0285393	300
-0.0485129	300
-0.0505368	300
-0.0384931	300
-0.0475227	300
-0.0392967	300
-0.0378346	300.001
-0.0435133	300
-0.0464862	300
-0.0523669	300
-0.0363715	300.003
-0.0340763	300.014
-0.0267204	300.15
-0.0404859	300.001
-0.0333983	300.015
-0.0262103	300.158
0.175943	302.415
0.178643	300.243
-0.0533838	300
-0.0614259	300
-0.0513657	300
0.039461	300
0.0354131	300
0.0285164	300
0.0474227	300.012
0.0495433	300.031
0.0660439	300.215
0.0652032	300.036
0.0684475	300.034
-0.0647177	300
-0.0506636	300
-0.06385	300
-0.0531939	300
-0.0525627	300
-0.0603021	300
-0.0534249	300
0.00843656	300
0.0219581	300.01
0.0208632	300.002
-0.00381593	300
-0.00279455	300.001
-0.00373937	300.003
-0.00151873	300
0.0356677	300.001
0.0418718	300.002
0.0375273	300.021
0.0262461	300.002
0.0333988	300.015
0.033722	300.001
-0.0183584	300
-0.0284825	300
-0.0331225	300.005
-0.0337516	300.002
-0.0524877	300
-0.0334768	300.003
-0.0253382	300.025
0.183896	300
0.190612	300
0.175545	300
0.170557	300
0.169277	300
0.172721	300
0.174602	300
0.172146	300.062
0.184497	300
0.175633	300.001
0.177814	300
0.179593	300
0.186724	300
-0.061136	300
-0.0523991	300
-0.0527667	300
-0.0519427	300
-0.0553163	300
0.00806863	300
0.0207528	300.005
0.0943957	300
-0.0577936	300
-0.0508076	300
-0.0581703	300
-0.0317516	300.002
-0.0294941	300.065
-0.0359014	300.002
-0.0527179	300
-0.0584133	300
-0.0522411	300
-0.0490169	300
-0.053086	300
-0.0520802	300
-0.060345	300
-0.0592866	300
-0.0531454	300
-0.060992	300
-0.0540857	300
-0.0621481	300
-0.0636201	300
-0.0554377	300
-0.0523725	300
-0.0514393	300
-0.0456693	300
0.085069	301.877
0.0813061	301.45
0.0859757	301.285
0.0835564	304.956
-0.0662635	300
-0.0563908	300
-0.0626959	300
0.171144	300
0.15833	300
0.15546	300
0.142945	300
0.146005	300
0.0710378	317.663
0.0729043	318.023
0.150662	300
0.157993	300
0.148322	300
0.0640617	300.415
0.0684446	300.681
0.0690042	300.056
0.0696712	300.801
0.0585236	303.563
0.182115	300
0.0669224	301.768
0.0635491	328.419
0.0764971	311.91
0.084232	304.478
0.0773032	311.276
0.0713807	318.104
0.0792384	312.063
0.170941	300
0.171675	300
0.17345	300
0.171616	300
0.166078	300
0.171037	300
0.178872	300
0.177989	300
0.173774	300
-0.051317	300
-0.0543439	300
-0.0527827	300
-0.0470881	300
0.0606628	300.522
0.0580951	300.07
0.0831747	305.623
0.0779249	313.987
-0.0497054	300
-0.0499265	300
-0.0505723	300
-0.0487118	300
-0.0534843	300
-0.0478131	300
0.0437975	300
0.0473741	300
0.00381383	300
0.00202251	300
0.000618444	300
0.179279	300
0.179776	300
0.172503	300
-0.019465	300
0.1753	300
0.17443	300
0.174865	300
0.174129	300
0.182914	300
0.188832	300
0.184031	300
0.17807	300
0.192448	300
0.185552	300
0.182363	300.029
0.185824	300.083
0.181948	300.058
0.182411	300.026
0.183528	300.027
0.181674	300.029
-0.00271006	300
0.00378717	300
-0.0283058	300
-0.0359152	300
-0.027633	300
-0.03742	300
-0.0350781	300
-0.033549	300
-0.0230206	300
-0.0195086	300
0.00564672	300
0.0131303	300
0.00974878	300
0.168053	317.431
0.165831	316.719
0.164756	317.925
0.177372	318.126
0.182235	300.001
0.172242	300
0.184828	300
0.174183	300
0.181853	300
0.172894	300
0.185265	300
0.177835	300
0.175767	300
0.18572	300
0.0557013	300.067
0.0489626	300.017
-0.0522173	300
-0.061827	300
-0.0556043	300
-0.0559239	300
-0.0544182	300
-0.0540086	300
0.186682	300
0.19399	300
0.190937	300
0.19242	300
0.176275	300
-0.038651	300
-0.0454407	300
-0.0510604	300
0.171498	300
0.163622	300
0.0377585	300.007
0.0260604	300.008
-0.0535442	300
-0.054329	300
-0.0551704	300
-0.0483138	300
-0.0453529	300
0.0565871	300.07
0.0513234	300.001
0.0519762	300.003
0.163309	300
0.164169	300
0.173279	300
0.173011	300
0.172115	300
0.175341	300
0.18274	300
0.177878	300
0.172143	300
0.171802	300
0.174427	300
0.181968	300.001
0.162674	317.623
0.161019	308.05
0.16695	305.38
0.160388	313.452
0.136719	300
0.14115	300
0.0316596	300
0.0229174	300
0.18041	300.026
0.172912	300.004
0.169854	300.002
0.180196	300.041
0.169801	300.16
0.174664	300
0.173117	300
0.164604	300
-0.0343526	300
-0.0338465	300
-0.0453072	300
-0.0405592	300
-0.0380311	300
0.0199901	300
0.0171483	300
0.02843	300
0.170367	300
0.173117	300
0.178598	300
0.170571	300
0.176886	300
0.168649	300
0.167115	300
0.0458132	300
0.0332342	300
0.0538096	300
0.0564013	300
0.0556405	300
0.0965292	300
0.0950397	300
0.105972	300
0.107916	300
0.017326	300
0.0292426	300
0.021406	300
-0.0464802	300
-0.0422528	300.001
-0.03406	300.007
-0.00537914	300
0.0726128	316.062
0.0817747	309.12
0.079821	309.648
0.07567	300.229
0.0689265	300.329
-0.059111	300
-0.0537426	300
-0.0558234	300
-0.0536836	300
0.170598	300
0.160127	300
0.168047	300
0.181675	300
0.172661	300
0.0795198	310.732
0.0866561	308.505
0.0865698	305.79
0.087471	307.424
0.0795292	317.402
0.0702505	323.486
0.0774316	320.911
0.0919039	301.221
0.0921833	301.856
0.0772258	324.748
0.0776334	324.546
0.0916802	300.382
0.0911395	300.379
0.091882	300.34
0.175898	300
0.174417	300
0.181974	300
0.182235	300
0.178423	300
0.181657	300
0.187654	300
0.0645068	300.458
-0.0552533	300
-0.0554503	300
0.094278	300.515
0.0903957	301.493
-0.0347517	300
-0.0403047	300
-0.0359416	300
-0.0390123	300
-0.0362126	300
-0.063109	300
-0.0548935	300
-0.0404948	300
-0.042732	300
-0.0410103	300
-0.0429171	300
-0.0415006	300
-0.0419838	300
-0.0385999	300.002
-0.0342521	300.002
-0.0403453	300
-0.0401052	300
-0.0399609	300
-0.0392785	300.004
-0.0401281	300
-0.0403337	300
-0.0389916	300.001
-0.0484404	300
-0.0483696	300
-0.0478949	300
-0.0424919	300
-0.0494789	300
-0.0623672	300
-0.0422105	300.001
-0.0454237	300
-0.0403718	300.001
-0.0367718	300.001
-0.0523854	300
0.142798	300
0.133101	300
0.131346	300
0.128595	300
0.117307	300
0.119888	300
0.130473	300
0.109074	300
0.113503	300
0.106758	300
0.107495	300
0.106587	300
0.105367	300
0.00706223	300.002
0.00526997	300.001
-0.0590446	300
-0.0530887	300
-0.0544297	300
-0.0381949	300.001
-0.0457444	300
-0.0386989	300.002
-0.0470386	300
0.165472	300
0.051751	300.004
0.0538329	300.049
0.185916	300
0.171306	300.001
0.171556	300
0.174455	300
0.172811	300
0.169028	300
0.164261	300
0.177665	300
0.181778	300
0.171794	300
0.174193	300
0.185471	300
-0.0355824	300.001
-0.0457099	300
-0.0510508	300
-0.0393078	300
-0.0517289	300
-0.0415536	300.001
-0.0438671	300
-0.0441098	300
-0.0430702	300
-0.0424783	300
-0.0321549	300
-0.0334989	300
-0.0328834	300
0.0261479	300
0.0221925	300.002
0.0195666	300
0.0397567	300.001
0.0480091	300.001
0.0360857	300
-0.0445272	300
-0.0439257	300
0.0500304	300
0.0564946	300
0.039965	300
0.0710151	300
0.0625782	300
0.0664409	300
-0.0374427	300.001
-0.043163	300
-0.0451861	300
-0.0490498	300
-0.0534005	300
-0.0429936	300
-0.025078	300
-0.0350555	300
-0.0339029	300
-0.0362057	300
-0.0394664	300
0.176863	300
0.17494	300
0.175386	300.001
0.170644	300.055
0.172215	300.057
0.173965	300.003
-0.0354274	300.001
-0.037	300
-0.0336256	300.001
-0.0374859	300
-0.0350301	300
-0.0219944	300
-0.0533776	300
-0.0601915	300
-0.0616144	300
-0.0495228	300
-0.0508491	300
-0.0550508	300
-0.0418297	300
-0.0478769	300
-0.0392306	300
-0.0358379	300
-0.0357351	300
0.174718	300.001
0.170247	300.001
-0.0627427	300
0.166319	300.017
0.165041	300.076
0.036634	300
0.0273496	300
0.0602036	300
0.0529282	300
0.0321419	300
0.0591088	300.004
0.0689443	300.023
-0.0326361	300
-0.0409979	300
-0.0408669	300
-0.0334718	300
-0.0297116	300
-0.0421441	300
-0.0418251	300
0.00569236	300
0.0448177	300
0.0341909	300
0.0377106	300
-0.0496159	300
-0.0418624	300
-0.0327937	300.003
-0.0433515	300
-0.0479358	300
-0.0470966	300
-0.0446516	300
-0.0473441	300
-0.046897	300
-0.0471701	300
-0.00625431	300
-0.0182985	300
-0.0553811	300
-0.0627068	300
-0.0562394	300
-0.0596824	300
-0.056204	300
-0.0448606	300
-0.0454211	300
-0.0457453	300
-0.0456274	300
-0.0451635	300
-0.0470089	300
-0.0454307	300
0.160672	300
0.163229	300
0.157349	300
0.162968	300
0.170453	300
0.183433	300
0.165996	300
0.169368	300
0.175439	300
0.172093	300
0.167462	300
0.176522	300
-0.0360828	300.002
-0.0398022	300.001
-0.0374465	300.001
0.0730518	300
0.0143287	300
0.010162	300
0.00966201	300
0.122206	300
0.130615	300
0.144569	300
0.132462	300
-0.0256119	300.015
-0.0355555	300.001
-0.0343514	300.001
-0.0446135	300
-0.0449099	300
0.0736886	300.459
0.0679313	300.327
0.0785967	300.074
0.0712994	300.035
0.093945	302.203
0.0928328	301.821
0.0953345	301.669
0.0885223	303.59
0.0906313	304.165
0.084528	311.894
0.077741	324.547
0.0696133	320.273
0.0776061	324.612
0.0776173	324.634
0.0858959	300.311
0.0830864	300.58
0.08457	300.286
0.0791641	300.458
0.0837209	300.241
0.161249	300
0.16291	300
0.161064	300
0.0801109	300.799
0.0774201	300.56
0.0776759	324.613
0.0671073	326.615
0.0776912	324.553
0.0775662	324.679
0.0710599	327.3
0.0691642	328.001
0.091464	305.4
0.0923201	302.945
0.0850233	318.036
0.0899312	309.571
0.158717	300
0.151284	300
0.156628	300
0.16597	300
0.177736	300
0.170961	300
0.161724	300
0.161132	300
0.0695451	300.026
-0.0403513	300
-0.0418551	300
-0.0467909	300
0.0782164	300.096
0.0723934	300.093
-0.0421625	300
-0.0409645	300
-0.0523672	300
-0.0186166	300
-0.0117888	300
-0.00962272	300
0.030763	300
0.0322827	300
0.0398039	300
0.0569819	300
0.0774486	300
0.00171732	300
0.0136584	300
0.170366	300
0.162454	300
0.161102	300
0.158794	300
0.168358	300
0.160568	300
0.160306	300
-0.00684437	300
-0.00677476	300
-0.0101072	300
-0.00859886	300
-0.0228514	300
-0.0131921	300
-0.0271853	300
0.159604	300
0.160318	300
0.15962	300
0.177164	300
0.174422	300
0.161791	300
0.158478	306.546
0.161703	300.025
0.00716132	300
0.0119043	300
-0.0371246	300
-0.02047	300
-0.0347319	300
0.0976831	300
0.124786	300
0.129321	300
0.129278	300
0.171655	300.092
0.149557	317.004
0.172979	302.539
0.165782	300.533
0.162601	301.612
0.162755	317.485
0.148873	316.831
0.157862	308.404
-0.0416134	300
-0.0397827	300
0.167951	300
0.0537381	300.001
0.0527831	300
0.0654544	300.089
0.0676724	300.04
0.0641257	300.398
0.169098	300
0.159679	300
0.0576675	300.06
0.0584399	300.007
0.0628621	300.002
0.0653352	300.004
0.0726593	300.006
0.00765791	300
-0.00934995	300
-0.00839404	300
-0.00894734	300
0.0516642	300
0.0661743	300
0.0659356	300
0.152169	300
0.161974	300
0.145152	313.745
0.152025	307.481
0.157864	311.726
0.146979	315.823
0.144646	308.899
0.159088	303.244
0.159213	302.907
0.158999	302.863
0.159056	302.8
0.159069	302.734
0.160134	300.03
0.117399	300
0.105953	300
0.0814895	300
0.0799183	300
0.0805343	300
0.0788344	300
0.0799827	300
-0.0381562	300
0.0243262	300
0.00921166	300
0.0156777	300
0.165627	300.001
0.158688	300.03
0.160857	300
0.165722	300
0.166352	300
0.159912	300
0.159394	300
0.159532	300
-0.0245417	300
0.0390297	300.001
0.0412122	300
0.0349327	300
0.156555	300
0.158543	300
0.15682	300
0.165558	300
0.151852	300
0.149792	300
0.155592	300
0.160407	300
0.159697	300
0.152191	300
0.151956	300
0.094571	300
0.0196265	300
0.0293107	300
0.0813395	300
0.092769	300
0.093335	300
0.0930783	300
0.08029	300
0.0560762	300
0.033455	300
0.0442441	300
0.0549748	300
-0.0286422	300
-0.030152	300
-0.0365686	300
-0.028252	300
-0.0286756	300
-0.0287227	300
-0.0267725	300
-0.0285002	300
-0.0284094	300
-0.0120686	300
-0.0416615	300
-0.0422021	300
-0.0420158	300
-0.0430328	300
-0.0419319	300
-0.0457315	300
-0.0436049	300
-0.041653	300
-0.0355337	300
0.0772518	300.021
0.0823589	300.008
0.0814208	300.003
0.0900477	300.145
0.091856	300.292
0.0919814	300.073
0.0879006	300.076
0.0711165	300.023
0.15951	300
0.154927	300
0.158013	300
0.161141	300
0.174366	300
0.144604	300
0.0900954	306.676
0.0925406	316.439
0.0777554	324.58
0.0928005	317.637
0.0892744	316.596
0.0987759	301.81
0.0961011	301.154
0.0953969	300.914
0.0920567	300.344
0.0913452	300.061
0.160068	300
0.161107	300
0.154923	300
0.0968587	300.264
0.086565	300.217
0.096811	300.06
0.0840542	300.057
0.0952754	303.624
0.0935366	305.775
0.0950861	306.901
-0.055257	300
-0.0439051	300
-0.0424052	300
-0.0403599	300
-0.039873	300
-0.0328409	300
0.00863525	300
0.00516627	300
0.0191664	300.002
-0.00636728	300
0.111798	300
0.0975385	300
0.122812	300
0.129491	300
0.172214	300
0.16048	300
0.16095	300
0.157494	300
0.162357	300.001
0.160778	300.01
0.040749	300
0.0489589	300
0.0682118	300.002
0.155891	300
0.157569	300
0.156528	300
0.164324	300
0.156574	300
0.158497	300
0.166796	300
0.157796	300
0.153536	300
0.182586	300
0.0245299	300
0.0546392	300
0.037429	300
0.0595281	300
0.159894	300.001
0.166291	300.003
-0.0223464	300
-0.0362761	300
-0.0463168	300
0.154372	300.002
0.148547	300.01
0.149199	300.007
0.150639	300.006
0.153509	300.006
-0.0475338	300
-0.0392693	300
-0.0481929	300
0.0322718	300
0.021042	300
0.035334	300
0.00530711	300
-0.0247656	300
-0.0284484	300
0.145864	300
0.150603	300
0.144637	300
0.144751	300
0.151361	300
0.14216	300
0.149295	300
0.0369444	300
0.156289	300.001
0.160367	300
0.157495	300
0.155113	300
0.153856	300
0.148807	300.001
0.149991	300
0.149404	300
0.14873	300
0.150721	300
9.91628e-05	300
0.000850424	300
0.00502115	300
-0.0100768	300
-0.0210876	300
0.0942603	300.027
0.089806	300.003
0.0842519	300.003
0.0902344	300.001
0.0928726	300.006
0.0854232	300.034
0.101956	300.079
0.105925	300.176
0.104511	300.333
0.109063	300.25
0.0987008	301.328
0.110237	300.185
-0.0283271	300
-0.0369671	300
-0.0336511	300
0.0958503	305.094
0.0966645	301.694
0.105601	301.112
0.0979078	315.429
-0.0322779	300
0.0924447	300.056
0.0693415	300.001
0.0707638	300
0.0770585	300.001
0.0954689	300.277
0.103465	300.282
0.105091	300.096
0.102336	308.702
0.103478	307.324
0.103396	306.675
0.105154	306.684
0.106048	301.562
0.108049	300.472
0.108057	300.41
0.107336	300.276
0.142678	300
0.149328	300
0.1395	300
-0.039357	300
-0.0304746	300
-0.039596	300
-0.0265524	300
-0.0416884	300
0.0555679	300
0.0472598	300
0.0396274	300
0.0321995	300
0.0940945	300
0.00488367	300
0.00462071	300
0.0103364	300
0.021903	300
0.0297816	300
0.166897	300
0.158187	300
0.158131	300
0.158119	300
0.145781	300
0.141887	300
0.142884	300
0.1493	300
0.0210222	300
0.0111811	300
0.0244501	300
0.0485476	300
0.0769483	300
0.145452	300
0.155884	300
0.144999	300
0.148472	302.916
0.153448	300.834
0.156604	300.381
0.151741	300.4
0.151507	300.539
0.00393522	300
0.114778	300
0.143337	306.211
0.158739	302.859
0.146253	317.279
-0.0168404	300
-0.0103186	300
-0.0217553	300
-0.0344571	300
-0.0245992	300
-0.0286673	300
-0.0267145	300
-0.0262886	300
-0.0118191	300
-0.0374074	300
-0.0293179	300
-0.0390606	300
-0.0328774	300
-0.0318946	300
-0.0372264	300
-0.0297648	300
0.132373	316.843
0.112674	302.12
0.141584	300.451
0.140357	301.548
0.158918	302.806
0.100835	300
0.100547	300
0.101375	300
0.119898	300
0.105782	300
0.143308	300
0.00692291	300
-0.0241144	300
-0.0294811	300
0.0187416	300
0.0290023	300
0.0182633	300
0.00389127	300
0.170424	300
0.155989	300
0.148701	300.047
0.120032	300.294
0.120298	300.28
0.13468	300
0.134981	300
0.130075	300
-0.0172613	300
-0.00796599	300
-0.0100137	300
0.0814342	300
0.0836749	300.002
0.0852242	300.003
0.0475386	300
0.0247697	300
0.0265395	300
0.0272924	300
0.0237602	300
0.11388	300
0.0188587	300
0.0120896	300
0.0155003	300
0.0572617	300
0.0587458	300
0.0663888	300
0.0713493	300
0.079098	300
0.0839848	300
0.0720227	300
0.0965629	300
0.10982	300
-0.0226922	300
0.096347	300.001
0.0929436	300
0.0925249	300.052
0.097131	300.002
0.0899121	300.014
0.136449	300
0.142973	300
0.129839	300
0.146338	300
0.154353	300
0.108716	300.403
0.108833	300.51
0.121045	300.094
0.108306	300.085
0.104823	307.529
0.105839	311.612
0.106802	319.48
0.101572	300.032
0.10782	300.056
0.11068	300.007
0.10933	300.005
0.105582	300.1
0.109925	300.006
0.145594	300
0.157941	300
0.158748	300
0.147775	300
0.151101	300
0.0682297	300
0.0998438	304.089
0.107436	301.51
0.107581	304.892
0.118479	300.526
0.115386	300.035
0.118406	300.026
0.120833	300.287
0.0958986	300
0.0958982	300.002
0.145562	300.008
0.121935	300.02
0.121816	300.271
0.00513987	300
0.141997	300
0.141445	300
0.135092	300
0.148703	300
0.143583	300
0.146819	300.007
0.154654	300.016
0.14016	300
0.0376089	300
0.0766391	300
0.055049	300
0.138474	300
0.150016	300
0.143738	300
0.145165	300.001
0.149186	300.001
0.147699	300.005
0.00660915	300
0.00854704	300
0.00873388	300
0.0288003	300
0.0339076	300
0.00936281	300
0.00872517	300
0.0698228	300
0.0707881	300
0.0528155	300
0.0564201	300
0.0726673	300
0.0383845	300
0.0486107	300
-0.0349013	300
-0.0385068	300
0.124761	300.043
0.112804	300.006
0.143876	300.03
0.136291	300.012
0.158721	302.774
0.14124	300.324
0.150259	300.052
0.130429	300.055
0.140017	305.499
0.140568	308.453
0.0352306	300
0.0593076	300
0.0719962	300
0.100778	300
0.0679867	300
0.046814	300
0.0501437	300
0.0465014	300
0.0334132	300
0.011636	300
0.00861025	300
0.147329	300
0.132433	300.001
0.130695	300.001
0.136512	300.007
0.12132	300.017
0.0826175	300
0.088238	300
0.0782765	300.001
0.0713722	300.022
0.0821695	300.001
0.14824	300
0.140312	300
0.106134	300.087
0.110022	300
0.132633	300
0.135144	300
0.147477	300
0.137029	300
0.134604	300
0.131793	300
0.133386	300
0.11902	300
0.116038	300
0.126109	300
0.109534	300.004
0.106787	300.006
0.108169	300.003
0.107307	300.022
0.104223	300.001
0.146642	300.394
0.144918	300.055
0.13328	300.019
0.109985	301.549
0.103898	300
0.114109	300.003
0.110227	300.004
0.118746	300.02
0.107669	318.485
0.106867	311.471
0.0974724	305.656
0.0586315	300
0.0526591	300
0.0662667	300
0.0616462	300
0.0661113	300
0.0555169	300
0.0796609	300
0.0856903	300
0.0846603	300
0.0871185	300
0.162127	300
0.171582	300
0.169524	300
0.174243	300
0.121792	300
0.137927	300
0.109099	319.099
0.109443	319.229
0.125743	316.425
0.125108	316.419
0.123342	300.696
0.123081	300.425
0.127069	300.39
0.131087	308.335
0.14001	314.958
0.126119	301.026
0.12208	311.526
0.123565	307.791
0.108036	307.786
-0.01532	300
-0.0106875	300
0.00481409	300
0.0949685	300
0.0674104	300
0.00219707	300
0.00337135	300
-0.00322908	300
0.0214063	300
0.0108088	300
0.0344469	300
0.128132	300
-0.0139772	300
-0.0249198	300
-0.0177093	300
0.000513287	300
-0.0144714	300
0.12811	300
0.129526	300
0.141019	300
0.144915	300
0.00269029	300
0.0764526	300
0.0812304	300
0.100177	300
0.0134886	300
-0.0140497	300
-0.0128579	300
-0.0146112	300
-0.0148547	300
0.00870798	300
-0.0134061	300
-0.0124037	300
0.12065	300
0.119977	300
0.106234	300
0.101078	300
0.0735411	300
0.085935	300
-0.00676466	300
-0.0097796	300
-0.0161326	300
-0.00298899	300
0.00829161	300
0.020418	300
0.0295368	300
0.0302863	300
0.138484	300
0.12845	300
0.135629	300
0.130003	300
0.145922	300
0.0866533	300
0.0250153	300
0.0289625	300
0.106133	300
0.138742	300
0.1338	300
0.0503515	300
0.0570936	300
0.0457598	300
0.0529883	300
0.0470055	300
0.0410152	300
0.0796554	300
0.0873741	300
0.0851245	300
0.0973377	300
-0.00592367	300
0.00507125	300
0.126524	316.478
0.127115	311.578
0.126853	316.265
0.124758	300.445
0.138616	300.423
0.125203	300.132
0.110958	300.006
0.1115	300
0.131494	300
0.132087	300
0.126422	300
0.131074	300
0.1344	300
0.138245	300
0.141036	300
0.129416	301.749
0.120994	300.413
0.115857	300
0.129799	300
0.127206	300.003
0.12608	300.001
0.0986481	300
0.107644	300
0.124452	300
0.119623	300
0.125943	300
0.0927312	300
0.121582	300
0.11766	300
0.119645	300
0.11521	300
0.124138	300
0.116284	300
0.134183	300
0.129146	300
0.136774	300
0.112722	300
0.112353	300.005
0.124854	300
0.148408	300.001
0.141534	300.002
0.136473	300.001
0.131926	300.004
0.131988	300.001
0.0772681	300
0.0607697	300
0.0693005	300
0.0740516	300
0.0657626	300
0.128043	300
0.139098	300
0.123648	300
0.135194	300
0.130599	300
0.0419305	300
0.045249	300
0.0343454	300
0.0493167	300
0.0479311	300
0.0520131	300
0.0638059	300
-0.0310406	300
-0.0333787	300
-0.0349078	300
-0.0332634	300
-0.0408501	300
-0.034739	300
0.0633823	300
0.0613511	300
0.0272668	300
0.127694	300
0.129726	300
0.129343	300
0.138968	300
0.133164	300
0.139601	300
0.135918	300
0.115212	300
0.0700359	300
0.111809	300
0.126779	300
0.132832	300
0.0928777	300
0.110013	300
0.121638	304.704
0.117342	307.339
0.113402	303.507
0.125244	314.67
0.131756	307.115
0.112082	315.938
0.117258	300
0.124718	300
0.109971	300
-0.00311551	300
-0.0103418	300
0.0865781	300
0.0823306	300
0.0697749	300
0.0600673	300
0.0629047	300
0.0688381	300
0.0620921	300
0.0741961	300
0.076583	300
0.0415838	300
0.0419317	300
0.0426328	300
0.0544097	300
0.0533466	300
0.0442293	300
0.066344	300
0.130316	300
0.115158	300
0.11738	300
0.115345	300
0.127556	300
0.0744908	300
0.127187	300
0.0880063	300
0.0032836	300
0.121736	300
0.00292081	300
-0.0088334	300
0.00403902	300
0.00394482	300
0.0984575	300
0.110991	300
0.1211	300
0.110632	300
0.112813	300
0.105003	300
0.10913	300
0.102562	300
0.0882297	300
0.0875837	300
0.063405	300
0.0614655	300
0.0567326	300
0.113611	300
0.0930924	300
0.120242	300
0.074486	300
0.0781921	300
0.0606384	300
0.0479263	300
0.108876	300
0.0972949	300
0.117595	300
0.101347	300
0.0953932	300
0.09131	300
0.0913355	300
0.0911222	300
0.0901897	300
0.0801327	300
0.0816255	300
0.0817182	300
0.0832026	300
0.0911266	300
0.0827812	300
0.0759544	300
0.128304	300
0.118515	300
0.121244	300
0.121446	300
0.121604	300
0.121441	300
0.12164	300
0.110908	300
0.0915039	300
0.0815344	300
0.0849423	300
0.0934765	300
0.099045	300
0.0660718	300
0.0676455	300
0.0772625	300
0.0805108	300
0.0957233	300
0.0981354	300
0.0966112	300
0.11709	300
0.121251	300
0.106715	300
0.111572	300
0.12527	300
0.110904	300
0.108241	300
0.104327	300
0.111014	300
0.0791623	300
0.0928706	300
0.0912661	300
0.0921695	300
0.0974221	300
0.103767	300
0.0933591	300
0.096497	300
0.0935749	300
0.0927941	300
0.0930084	300
0.127664	300
0.0918684	300
0.1009	300
0.103999	300
0.104623	300
-0.09	300
0.0632053	300
-0.0409228	300
-0.0612151	300
-0.0856377	300
)
